PNLL code
PG
  0.12475309510033646       0.63879110078588419        1.4905838953733141        2.5653157283115897        3.7178695788679970        4.7926014118062721        5.6443942063937023        6.1584322120792505     
WPG
  0.31801882594349357       0.69863062413641985       0.98553849407226335        1.1394047094376138        1.1394047094376138       0.98553849407226335       0.69863062413641985       0.31801882594349357     
EKemin,pmin,E2check
  0.78158290669833164        1.1872859246356673       0.78308632876151374     
   9.0436055743778263E-003   168.70128309071993       0.78158290670808406        0.0000000000000000     
   9.0436055743728389E-003   173.51151428567510       0.78158290670868558        0.0000000000000000     
   9.0436055743675428E-003   179.21717259971467       0.78158290670932418        0.0000000000000000     
   9.0436055743619171E-003   184.74855410257393       0.78158290671000252        0.0000000000000000     
   9.0436055743559462E-003   190.12087093864642       0.78158290671072239        0.0000000000000000     
   9.0436055743496075E-003   196.28273414966100       0.78158290671148711        0.0000000000000000     
   9.0436055743428785E-003   202.25932268340316       0.78158290671229846        0.0000000000000000     
   9.0436055743357315E-003   208.50671285047707       0.78158290671316022        0.0000000000000000     
   9.0436055743281438E-003   215.00185259717983       0.78158290671407504        0.0000000000000000     
   9.0436055743200894E-003   221.30932458732153       0.78158290671504649        0.0000000000000000     
   9.0436055743115390E-003   227.84799625205079       0.78158290671607766        0.0000000000000000     
   9.0436055743024612E-003   235.38086446787648       0.78158290671717234        0.0000000000000000     
   9.0436055742928213E-003   242.30522945748888       0.78158290671833475        0.0000000000000000     
   9.0436055742825865E-003   249.77823924437158       0.78158290671956909        0.0000000000000000     
   9.0436055742717219E-003   257.03847926433434       0.78158290672087916        0.0000000000000000     
   9.0436055742601860E-003   265.49445512655814       0.78158290672227027        0.0000000000000000     
   9.0436055742479388E-003   273.69526373905836       0.78158290672374731        0.0000000000000000     
   9.0436055742349353E-003   281.66319613121772       0.78158290672531516        0.0000000000000000     
   9.0436055742211321E-003   291.64137899775386       0.78158290672697983        0.0000000000000000     
   9.0436055742064737E-003   300.68439156868652       0.78158290672874753        0.0000000000000000     
   9.0436055741909133E-003   309.76966012387277       0.78158290673062403        0.0000000000000000     
   9.0436055741743918E-003   319.47441391290488       0.78158290673261621        0.0000000000000000     
   9.0436055741568502E-003   328.90234117887235       0.78158290673473141        0.0000000000000000     
   9.0436055741382297E-003   339.17239725431182       0.78158290673697717        0.0000000000000000     
   9.0436055741184573E-003   349.41755160810948       0.78158290673936126        0.0000000000000000     
   9.0436055740974637E-003   360.15761395063890       0.78158290674189279        0.0000000000000000     
   9.0436055740751777E-003   371.35248337053139       0.78158290674458020        0.0000000000000000     
   9.0436055740515178E-003   382.47792009216806       0.78158290674743347        0.0000000000000000     
   9.0436055740263973E-003   394.48885202909440       0.78158290675046282        0.0000000000000000     
   9.0436055739997242E-003   406.39253613203419       0.78158290675367936        0.0000000000000000     
   9.0436055739714083E-003   418.87075107747631       0.78158290675709396        0.0000000000000000     
   9.0436055739413455E-003   431.87808290641146       0.78158290676071906        0.0000000000000000     
   9.0436055739094266E-003   445.37274015991443       0.78158290676456821        0.0000000000000000     
   9.0436055738755388E-003   459.11129762935337       0.78158290676865494        0.0000000000000000     
   9.0436055738395624E-003   473.07612972331049       0.78158290677299325        0.0000000000000000     
   9.0436055738013638E-003   487.63977819241910       0.78158290677759956        0.0000000000000000     
   9.0436055737608077E-003   502.75657944188379       0.78158290678249009        0.0000000000000000     
   9.0436055737177518E-003   518.38475407300723       0.78158290678768216        0.0000000000000000     
   9.0436055736720401E-003   534.66468133137334       0.78158290679319464        0.0000000000000000     
   9.0436055736235060E-003   551.20023345323830       0.78158290679904752        0.0000000000000000     
   9.0436055735719778E-003   568.31256963355145       0.78158290680526121        0.0000000000000000     
   9.0436055735172716E-003   586.12432736373398       0.78158290681185816        0.0000000000000000     
   9.0436055734591896E-003   604.26499267897555       0.78158290681886233        0.0000000000000000     
   9.0436055733975253E-003   623.33593774241490       0.78158290682629861        0.0000000000000000     
   9.0436055733320534E-003   642.81539479558808       0.78158290683419362        0.0000000000000000     
   9.0436055732625448E-003   662.97223580842285       0.78158290684257559        0.0000000000000000     
   9.0436055731887496E-003   683.90397386316931       0.78158290685147469        0.0000000000000000     
   9.0436055731103991E-003   705.69758014247338       0.78158290686092313        0.0000000000000000     
   9.0436055730272157E-003   728.15847494717173       0.78158290687095422        0.0000000000000000     
   9.0436055729388991E-003   751.11173409173978       0.78158290688160414        0.0000000000000000     
   9.0436055728451339E-003   775.04605187414938       0.78158290689291132        0.0000000000000000     
   9.0436055727455850E-003   799.64628951065788       0.78158290690491594        0.0000000000000000     
   9.0436055726398901E-003   825.11944005927251       0.78158290691766152        0.0000000000000000     
   9.0436055725276812E-003   851.65261643330575       0.78158290693119292        0.0000000000000000     
   9.0436055724085421E-003   879.18147273115665       0.78158290694555965        0.0000000000000000     
   9.0436055722820600E-003   907.53432463504305       0.78158290696081256        0.0000000000000000     
   9.0436055721477698E-003   936.77883961974078       0.78158290697700628        0.0000000000000000     
   9.0436055720051964E-003   967.41139606771492       0.78158290699419919        0.0000000000000000     
   9.0436055718538261E-003   999.35329532532569       0.78158290701245303        0.0000000000000000     
   9.0436055716931162E-003   1032.1200745406991       0.78158290703183286        0.0000000000000000     
   9.0436055715224940E-003   1066.0817142648839       0.78158290705240840        0.0000000000000000     
   9.0436055713413437E-003   1101.3794028434872       0.78158290707425315        0.0000000000000000     
   9.0436055711490149E-003   1137.9505103097868       0.78158290709744593        0.0000000000000000     
   9.0436055709448224E-003   1175.9293046036437       0.78158290712206979        0.0000000000000000     
   9.0436055707280322E-003   1215.7192582419164       0.78158290714821244        0.0000000000000000     
   9.0436055704978657E-003   1256.7861271064169       0.78158290717596801        0.0000000000000000     
   9.0436055702535004E-003   1299.6200455567528       0.78158290720543599        0.0000000000000000     
   9.0436055699940586E-003   1344.0660788602286       0.78158290723672230        0.0000000000000000     
   9.0436055697186105E-003   1390.4982663534577       0.78158290726993818        0.0000000000000000     
   9.0436055694261674E-003   1438.5960955485959       0.78158290730520397        0.0000000000000000     
   9.0436055691156831E-003   1488.9736853144234       0.78158290734264535        0.0000000000000000     
   9.0436055687860440E-003   1541.2360904886309       0.78158290738239666        0.0000000000000000     
   9.0436055684360653E-003   1596.2154352051571       0.78158290742460046        0.0000000000000000     
   9.0436055680644962E-003   1653.4433033198361       0.78158290746940795        0.0000000000000000     
   9.0436055676700045E-003   1713.0284782947997       0.78158290751697967        0.0000000000000000     
   9.0436055672511711E-003   1775.6126594304581       0.78158290756748683        0.0000000000000000     
   9.0436055668064973E-003   1840.9110937753553       0.78158290762110971        0.0000000000000000     
   9.0436055663343905E-003   1909.4774739630470       0.78158290767804106        0.0000000000000000     
   9.0436055658331561E-003   1980.9721389386516       0.78158290773848493        0.0000000000000000     
   9.0436055653009984E-003   2056.1649011947538       0.78158290780265782        0.0000000000000000     
   9.0436055647360129E-003   2135.2323239098077       0.78158290787078954        0.0000000000000000     
   9.0436055641361628E-003   2218.1462492482951       0.78158290794312524        0.0000000000000000     
   9.0436055634993094E-003   2305.2441786318022       0.78158290801992336        0.0000000000000000     
   9.0436055628231645E-003   2397.1444129789879       0.78158290810145969        0.0000000000000000     
   9.0436055621053030E-003   2493.7058955709440       0.78158290818802645        0.0000000000000000     
   9.0436055613431522E-003   2595.6306199438964       0.78158290827993426        0.0000000000000000     
   9.0436055605339835E-003   2703.1465970279160       0.78158290837751176        0.0000000000000000     
   9.0436055596748895E-003   2816.6336841784919       0.78158290848110978        0.0000000000000000     
   9.0436055587627944E-003   2936.8244963481652       0.78158290859109936        0.0000000000000000     
   9.0436055577944284E-003   3063.9951468603604       0.78158290870787439        0.0000000000000000     
   9.0436055567663150E-003   3198.7135035085853       0.78158290883185455        0.0000000000000000     
   9.0436055556747750E-003   3341.7052185396510       0.78158290896348326        0.0000000000000000     
   9.0436055545158912E-003   3493.4546817310256       0.78158290910323325        0.0000000000000000     
   9.0436055532855074E-003   3654.6117409260087       0.78158290925160501        0.0000000000000000     
   9.0436055519792155E-003   3826.3335480771880       0.78158290940913056        0.0000000000000000     
   9.0436055505923318E-003   4009.3487147811020       0.78158290957637477        0.0000000000000000     
   9.0436055491198829E-003   4204.4312681528763       0.78158290975393718        0.0000000000000000     
   9.0436055475565900E-003   4412.6102927149132       0.78158290994245461        0.0000000000000000     
   9.0436055458968500E-003   4635.4580029814624       0.78158291014260250        0.0000000000000000     
   9.0436055441347109E-003   4873.5836497318805       0.78158291035509853        0.0000000000000000     
   9.0436055422638568E-003   5129.2696318365424       0.78158291058070495        0.0000000000000000     
   9.0436055402775758E-003   5403.3577729333165       0.78158291082023024        0.0000000000000000     
   9.0436055381687541E-003   5697.7679067526242       0.78158291107453282        0.0000000000000000     
   9.0436055359298245E-003   6014.1789050557309       0.78158291134452529        0.0000000000000000     
   9.0436055335527659E-003   6355.1275880812673       0.78158291163117444        0.0000000000000000     
   9.0436055310290520E-003   6722.4210843265746       0.78158291193550899        0.0000000000000000     
   9.0436055283496346E-003   7118.7647215191819       0.78158291225861964        0.0000000000000000     
   9.0436055255049101E-003   7547.2164101440167       0.78158291260166479        0.0000000000000000     
   9.0436055224846785E-003   8010.7449023773906       0.78158291296587434        0.0000000000000000     
   9.0436055192781150E-003   8512.5447788033034       0.78158291335255348        0.0000000000000000     
   9.0436055158737167E-003   9056.6359268241704       0.78158291376308953        0.0000000000000000     
   9.0436055122592833E-003   9647.1871694993442       0.78158291419895376        0.0000000000000000     
   9.0436055084218564E-003   10288.873762647487       0.78158291466170871        0.0000000000000000     
   9.0436055043476779E-003   10987.017593105003       0.78158291515301370        0.0000000000000000     
   9.0436055000221380E-003   11747.473370440663       0.78158291567463001        0.0000000000000000     
   9.0436054954297317E-003   12576.587521120280       0.78158291622842790        0.0000000000000000     
   9.0436054905539982E-003   13481.531872513424       0.78158291681639225        0.0000000000000000     
   9.0436054853774497E-003   14470.194049901529       0.78158291744063180        0.0000000000000000     
   9.0436054798815318E-003   15551.759424977592       0.78158291810338409        0.0000000000000000     
   9.0436054740465413E-003   16735.810458459135       0.78158291880702524        0.0000000000000000     
   9.0436054678515593E-003   18033.751877111015       0.78158291955407744        0.0000000000000000     
   9.0436054612743726E-003   19457.805002517067       0.78158292034721988        0.0000000000000000     
   9.0436054542914028E-003   21022.231760391413       0.78158292118929584        0.0000000000000000     
   9.0436054468776145E-003   22741.297225064762       0.78158292208332381        0.0000000000000000     
   9.0436054390064264E-003   24632.911599227460       0.78158292303250965        0.0000000000000000     
   9.0436054306496250E-003   26716.572918690661       0.78158292404025576        0.0000000000000000     
   9.0436054217772430E-003   29013.364409727110       0.78158292511017546        0.0000000000000000     
   9.0436054123574777E-003   31547.331562843658       0.78158292624610437        0.0000000000000000     
   9.0436054023565506E-003   34345.848791381672       0.78158292745211522        0.0000000000000000     
   9.0436053917386152E-003   37438.507341240722       0.78158292873253121        0.0000000000000000     
   9.0436053804655962E-003   40859.322305802838       0.78158293009194357        0.0000000000000000     
   9.0436053684970850E-003   44646.154099524501       0.78158293153522551        0.0000000000000000     
   9.0436053557901679E-003   48841.111815997348       0.78158293306755156        0.0000000000000000     
   9.0436053422992928E-003   53492.800881284245       0.78158293469441509        0.0000000000000000     
   9.0436053279760904E-003   58652.489612663201       0.78158293642164900        0.0000000000000000     
   9.0436053127692061E-003   64381.736705368057       0.78158293825544589        0.0000000000000000     
   9.0436052966241295E-003   70746.802497685814       0.78158294020237939        0.0000000000000000     
   9.0436052794829695E-003   77823.383646081391       0.78158294226943059        0.0000000000000000     
   9.0436052612842786E-003   85695.129030488170       0.78158294446400933        0.0000000000000000     
   9.0436052419628106E-003   94457.230501175305       0.78158294679398355        0.0000000000000000     
   9.0436052214492909E-003   104216.65946788635       0.78158294926770722        0.0000000000000000     
   9.0436051996701811E-003   115092.99623179538       0.78158295189404858        0.0000000000000000     
   9.0436051765473962E-003   127219.79236976765       0.78158295468242345        0.0000000000000000     
   9.0436051519980389E-003   140748.66912352387       0.78158295764282870        0.0000000000000000     
   9.0436051259340927E-003   155850.39865591060       0.78158296078587808        0.0000000000000000     
   9.0436050982621186E-003   172712.66986560705       0.78158296412283923        0.0000000000000000     
   9.0436050688829078E-003   191553.88714712075       0.78158296766567614        0.0000000000000000     
   9.0436050376911294E-003   212610.78110256413       0.78158297142709043        0.0000000000000000     
   9.0436050045749564E-003   236158.62557382585       0.78158297542056732        0.0000000000000000     
   9.0436049694156660E-003   262499.75607303210       0.78158297966042378        0.0000000000000000     
   9.0436049320872011E-003   291980.51775902690       0.78158298416186078        0.0000000000000000     
   9.0436048924557363E-003   324981.14208821440       0.78158298894101652        0.0000000000000000     
   9.0436048503791874E-003   361941.75909335900       0.78158299401502462        0.0000000000000000     
   9.0436048057067012E-003   403347.93655804789       0.78158299940207698        0.0000000000000000     
   9.0436047582781228E-003   449747.23395081429       0.78158300512148637        0.0000000000000000     
   9.0436047079234128E-003   501763.70230602234       0.78158301119375773        0.0000000000000000     
   9.0436046544620403E-003   560090.84503766964       0.78158301764066118        0.0000000000000000     
   9.0436045977023410E-003   625510.94422415935       0.78158302448530981        0.0000000000000000     
   9.0436045374408195E-003   698909.57041586982       0.78158303175224331        0.0000000000000000     
   9.0436044734614317E-003   781277.62177104247       0.78158303946751417        0.0000000000000000     
   9.0436044055348004E-003   873736.19508801471       0.78158304765878295        0.0000000000000000     
   9.0436043334173963E-003   977543.64735210966       0.78158305635541681        0.0000000000000000     
   9.0436042568506746E-003   1094115.7522436213       0.78158306558859414        0.0000000000000000     
   9.0436041755601257E-003   1225054.1158243811       0.78158307539141758        0.0000000000000000     
   9.0436040892543142E-003   1372153.9332493665       0.78158308579903146        0.0000000000000000     
   9.0436039976238176E-003   1537439.3951360688       0.78158309684874927        0.0000000000000000     
   9.0436039003401313E-003   1723193.9918048347       0.78158310858018509        0.0000000000000000     
   9.0436037970544718E-003   1931986.2277480473       0.78158312103539884        0.0000000000000000     
   9.0436036873965502E-003   2166711.4269616990       0.78158313425904391        0.0000000000000000     
   9.0436035709732260E-003   2430626.8733987682       0.78158314829852882        0.0000000000000000     
   9.0436034473671024E-003   2727406.1986403847       0.78158316320418819        0.0000000000000000     
   9.0436033161350338E-003   3061182.3472304968       0.78158317902946017        0.0000000000000000     
   9.0436031768065354E-003   3436620.4054004708       0.78158319583108116        0.0000000000000000     
   9.0436030288820884E-003   3858974.2383404472       0.78158321366928785        0.0000000000000000     
   9.0436028718313688E-003   4334147.2731537251       0.78158323260803242        0.0000000000000000     
   9.0436027050913234E-003   4868811.6222428195       0.78158325271521345        0.0000000000000000     
   9.0436025280641649E-003   5470471.8766165096       0.78158327406291817        0.0000000000000000     
   9.0436023401152237E-003   6147585.2350169579       0.78158329672768156        0.0000000000000000     
   9.0436021405706744E-003   6909691.9952730434       0.78158332079076065        0.0000000000000000     
   9.0436019287151274E-003   7767527.8913586047       0.78158334633842441        0.0000000000000000     
   9.0436017037890427E-003   8733184.6744216960       0.78158337346226581        0.0000000000000000     
   9.0436014649860289E-003   9820319.2094211020       0.78158340225952794        0.0000000000000000     
   9.0436012114499462E-003   11044277.306137379       0.78158343283345311        0.0000000000000000     
   9.0436009422718271E-003   12422384.215456879       0.78158346529365386        0.0000000000000000     
   9.0436006564866347E-003   13974155.246923937       0.78158349975650487        0.0000000000000000     
   9.0436003530697823E-003   15721570.145325286       0.78158353634556088        0.0000000000000000     
   9.0436000309334803E-003   17689425.468508042       0.78158357519199961        0.0000000000000000     
   9.0435996889228262E-003   19905616.667331576       0.78158361643509078        0.0000000000000000     
   9.0435993258116635E-003   22401638.925138164       0.78158366022269787        0.0000000000000000     
   9.0435989402981847E-003   25212941.514639579       0.78158370671180621        0.0000000000000000     
   9.0435985310002732E-003   28379491.050105955       0.78158375606908670        0.0000000000000000     
   9.0435980964505419E-003   31946350.189415637       0.78158380847149178        0.0000000000000000     
   9.0435976350910652E-003   35964272.648866788       0.78158386410689340        0.0000000000000000     
   9.0435971452678138E-003   40490455.290150099       0.78158392317475223        0.0000000000000000     
   9.0435966252246976E-003   45589415.957056500       0.78158398588683642        0.0000000000000000     
   9.0435960730973000E-003   51333773.348288342       0.78158405246797791        0.0000000000000000     
   9.0435954869061714E-003   57805474.826244101       0.78158412315688064        0.0000000000000000     
   9.0435948645497307E-003   65096767.371783882       0.78158419820697567        0.0000000000000000     
   9.0435942037967627E-003   73311764.109397277       0.78158427788732887        0.0000000000000000     
   9.0435935022783742E-003   82567668.990795299       0.78158436248360708        0.0000000000000000     
   9.0435927574795388E-003   92996655.055151105       0.78158445229910056        0.0000000000000000     
   9.0435919667300590E-003   104747675.35501637       0.78158454765581242        0.0000000000000000     
   9.0435911271949977E-003   117988579.26654603       0.78158464889561141        0.0000000000000000     
   9.0435902358645265E-003   132908660.94392256       0.78158475638145719        0.0000000000000000     
   9.0435892895431146E-003   149721115.29008538       0.78158487049870462        0.0000000000000000     
   9.0435882848380958E-003   168666322.88401967       0.78158499165648065        0.0000000000000000     
   9.0435872181474832E-003   190015273.81245187       0.78158512028915605        0.0000000000000000     
   9.0435860856470755E-003   214073231.88914847       0.78158525685789837        0.0000000000000000     
   9.0435848832767351E-003   241184528.54606563       0.78158540185232817        0.0000000000000000     
   9.0435836067258354E-003   271737005.83212149       0.78158555579227362        0.0000000000000000     
   9.0435822514178116E-003   306167981.29630244       0.78158571922963327        0.0000000000000000     
   9.0435808124937483E-003   344970287.04420203       0.78158589275035617        0.0000000000000000     
   9.0435792847949649E-003   388699465.40630609       0.78158607697654159        0.0000000000000000     
   9.0435776628445194E-003   437981672.59001863       0.78158627256866919        0.0000000000000000     
   9.0435759408275720E-003   493522633.30036747       0.78158648022796828        0.0000000000000000     
   9.0435741125705488E-003   556117902.98779142       0.78158670069893044        0.0000000000000000     
   9.0435721715189984E-003   626664154.18737185       0.78158693477197894        0.0000000000000000     
   9.0435701107141019E-003   706171971.18387914       0.78158718328630317        0.0000000000000000     
   9.0435679227677274E-003   795780585.71518707       0.78158744713286687        0.0000000000000000     
   9.0435655998359430E-003   896774067.47058690       0.78158772725760206        0.0000000000000000     
   9.0435631335908911E-003   1010599646.0580175       0.78158802466480137        0.0000000000000000     
   9.0435605151909515E-003   1138888848.1036441       0.78158834042071723        0.0000000000000000     
   9.0435577352490255E-003   1283480441.6432765       0.78158867565738610        1.1368683772161603E-013
   9.0435547837989030E-003   1446447140.2153914       0.78158903157668569        0.0000000000000000     
   9.0435516502595306E-003   1630125141.9742637       0.78158940945464483        0.0000000000000000     
   9.0435483233970784E-003   1837147722.7342265       0.78158981064601718        0.0000000000000000     
   9.0435447912846720E-003   2070483523.6255877       0.78159023658914017        0.0000000000000000     
   9.0435410412596420E-003   2333478021.4668264       0.78159068881108984        0.0000000000000000     
   9.0435370598781310E-003   2629902604.2569065       0.78159116893315728        0.0000000000000000     
   9.0435328328669073E-003   2964008203.8286934       0.78159167867665869        1.1368683772161603E-013
   9.0435283450721951E-003   3340586547.8785448       0.78159221986911043        0.0000000000000000     
   9.0435235804053622E-003   3765038272.9571867       0.78159279445077801        1.1368683772161603E-013
   9.0435185217852491E-003   4243451856.1523428       0.78159340448163339        1.1368683772161603E-013
   9.0435131510769422E-003   4782688985.0969830       0.78159405214874089        1.1368683772161603E-013
   9.0435074490267751E-003   5390484957.4861765       0.78159473977409710        1.1368683772161603E-013
   9.0435013951933162E-003   6075558684.1915398       0.78159546982295691        1.1368683772161603E-013
   9.0434949678740995E-003   6847737513.5379810       0.78159624491267177        1.1368683772161603E-013
   9.0434881440278423E-003   7718099904.4017973       0.78159706782207239        1.1368683772161603E-013
   9.0434808991918560E-003   8699132208.7122536       0.78159794150143347        1.1368683772161603E-013
   9.0434732073943827E-003   9804910040.4633617       0.78159886908304899        2.2737367544323206E-013
   9.0434650410614985E-003   11051298259.512680       0.78159985389246434        1.1368683772161603E-013
   9.0434563709182979E-003   12456180616.189180       0.78160089946039724        2.2737367544323206E-013
   9.0434471658839763E-003   14039715419.431255       0.78160200953539782        2.2737367544323206E-013
   9.0434373929604399E-003   15824624813.689386       0.78160318809728746        2.2737367544323206E-013
   9.0434270171140616E-003   17836521318.740974       0.78160443937142687        3.4106051316484809E-013
   9.0434160011501150E-003   20104275991.016159       0.78160576784386759        3.4106051316484809E-013
   9.0434043055795076E-003   22660431560.181278       0.78160717827743265        3.4106051316484809E-013
   9.0433918884772618E-003   25541670834.410599       0.78160867572879422        3.4106051316484809E-013
   9.0433787053322938E-003   28789342694.828255       0.78161026556660362        4.5474735088646412E-013
   9.0433647088879170E-003   32450056893.089558       0.78161195349073898        4.5474735088646412E-013
   9.0433498489725216E-003   36576350244.517853       0.78161374555274132        5.6843418860808015E-013
   9.0433340723198152E-003   41227445782.110748       0.78161564817751061        5.6843418860808015E-013
   9.0433173223779754E-003   46470096796.093193       0.78161766818634326        6.8212102632969618E-013
   9.0432995391070449E-003   52379552391.328201       0.78161981282138637        6.8212102632969618E-013
   9.0432806587638550E-003   59040631353.291992       0.78162208977160474        7.9580786405131221E-013
   9.0432606136736510E-003   66548944917.624062       0.78162450720034859        9.0949470177292824E-013
   9.0432393319876941E-003   75012266302.011658       0.78162707377462215        1.0231815394945443E-012
   9.0432167374258875E-003   84552081569.880646       0.78162979869615856        1.1368683772161603E-012
   9.0431927490035712E-003   95305331864.016037       0.78163269173441241        1.3642420526593924E-012
   9.0431672807414556E-003   107426378221.83763       0.78163576326158568        1.4779288903810084E-012
   9.0431402413577201E-003   121089225679.96265       0.78163902428981846        1.7053025658242404E-012
   9.0431115339411079E-003   136490013321.65314       0.78164248651067314        1.9326762412674725E-012
   9.0430810556039101E-003   153849835817.31055       0.78164616233705220        2.1600499167107046E-012
   9.0430486971135593E-003   173417922289.41342       0.78165006494770706        2.3874235921539366E-012
   9.0430143425015621E-003   195475208215.88562       0.78165420833448895        2.7284841053187847E-012
   9.0429778686483171E-003   220338377823.63470       0.78165860735251902        3.0695446184836328E-012
   9.0429391448423827E-003   248364409216.48801       0.78166327777345235        3.5242919693700969E-012
   9.0428980323126323E-003   279955707463.39539       0.78166823634202809        3.8653524825349450E-012
   9.0428543837315807E-003   315565878453.94305       0.78167350083611031        4.4337866711430252E-012
   9.0428080426881632E-003   355706254691.53320       0.78167909013043435        5.0022208597511053E-012
   9.0427588431280653E-003   400953236035.67084       0.78168502426428421        5.5706550483591855E-012
   9.0427066087596184E-003   451956574956.25366       0.78169132451335044        6.2527760746888816E-012
   9.0426511524231458E-003   509448711757.92487       0.78169801346601708        7.0485839387401938E-012
   9.0425922754215262E-003   574255307919.58459       0.78170511510436091        7.9580786405131221E-012
   9.0425297668095921E-003   647307103087.72168       0.78171265489014707        8.9812601800076663E-012
   9.0424634026398353E-003   729653301288.93103       0.78172065985613159        1.0118128557223827E-011
   9.0423929451617473E-003   822476651141.73096       0.78172915870299986        1.1482370609883219E-011
   9.0423181419719677E-003   927110445848.11975       0.78173818190228583        1.2846612662542611E-011
   9.0422387251122109E-003   1045057705524.8447       0.78174776180564398        1.4551915228366852E-011
   9.0421544101117850E-003   1178012775104.3955       0.78175793276086580        1.6370904631912708E-011
   9.0420648949713200E-003   1327885703207.4302       0.78176873123505530        1.8417267710901797E-011
   9.0419698590841167E-003   1496829712526.1252       0.78178019594540660        2.0804691303055733E-011
   9.0418689620912849E-003   1687272161268.8186       0.78179236799805618        2.3419488570652902E-011
   9.0417618426666714E-003   1901949492039.4207       0.78180529103550123        2.6375346351414919E-011
   9.0416481172272464E-003   2143946579243.5359       0.78181901139312060        2.9785951483063400E-011
   9.0415273785644495E-003   2416741144272.8481       0.78183357826535571        3.3537617127876729E-011
   9.0413991943916749E-003   2724253801325.3013       0.78184904388214960        3.7857716961298138E-011
   9.0412631058027580E-003   3070904495278.5093       0.78186546369627730        4.2632564145606011E-011
   9.0411186256360992E-003   3461676172940.3760       0.78188289658224230        4.7975845518521965E-011
   9.0409652367386996E-003   3902186497135.5474       0.78190140504744898        5.4114934755489230E-011
   9.0408023901239701E-003   4398768812804.0205       0.78192105545641366        6.1049831856507808E-011
   9.0406295030169594E-003   4958563373760.8057       0.78194191826881843        6.8780536821577698E-011
   9.0404459567801371E-003   5589620248600.4434       0.78196406829226273        7.7534423326142132E-011
   9.0402510947125338E-003   6301015332348.5615       0.78198758495061982        8.7425178207922727E-011
   9.0400442197145596E-003   7102981263779.2402       0.78201255256896640        9.8452801466919482E-011
   9.0398245918104549E-003   8007054957319.4385       0.78203906067610263        1.1107204045401886E-010
   9.0395914255197579E-003   9026244051634.6719       0.78206720432575871        1.2516920833149925E-010
   9.0393438870687223E-003   10175214656970.258       0.78209708443763570        1.4108536561252549E-010
   9.0390810914321041E-003   11470503031055.146       0.78212880815950980        1.5904788597254083E-010
   9.0388020991951125E-003   12930754394941.447       0.78216248925170351        1.7928414308698848E-010
   9.0385059132248226E-003   14576992323799.984       0.78219824849530462        2.0202151063131168E-010
   9.0381914751396317E-003   16432922543056.750       0.78223621412560307        2.2782842279411852E-010
   9.0378576615647681E-003   18525275704874.457       0.78227652229230549        2.5670487957540900E-010
   9.0375032801611188E-003   20884194012598.391       0.78231931754818385        2.8944668883923441E-010
   9.0371270654139597E-003   23543667469566.543       0.78236475336791711        3.2616753742331639E-010
   9.0367276741673760E-003   26542025978965.590       0.78241299269899744        3.6766323319170624E-010
   9.0363036808894012E-003   29922494639318.020       0.78246420854667986        4.1450221033301204E-010
   9.0358535726520178E-003   33733820267561.699       0.78251858459509005        4.6725290303584188E-010
   9.0353757438093631E-003   38030978443450.578       0.78257631586672527        5.2671111916424707E-010
   9.0348684903564548E-003   42875971305317.141       0.78263760942272553        5.9367266658227891E-010
   9.0343300039498909E-003   48338728019578.562       0.78270268510644636        6.6916072682943195E-010
   9.0337583655709357E-003   54498121043624.219       0.78277177633300965        7.5431216828292236E-010
   9.0331515388103068E-003   61443113246275.844       0.78284513092768881        8.5026385931996629E-010
   9.0325073627529791E-003   69274052841286.336       0.78292301201615133        9.5838004199322313E-010
   9.0318235444401020E-003   78104135258412.688       0.78300569896977945        1.0802523320307955E-009
   9.0310976508839579E-003   88061053706141.438       0.78309348840948279        1.2176997188362293E-009
   9.0303271006107050E-003   99288862846839.641       0.78318669527163520        1.3726548786507919E-009
   9.0295091547042960E-003   111950083443388.09       0.78328565393999139        1.5471641745534725E-009
   9.0286409073237275E-003   126228079484119.02       0.78339071944768446        1.7440697774873115E-009
   9.0277192756643525E-003   142329742930718.03       0.78350226875365403        1.9658727978821844E-009
   9.0267409893326281E-003   160488526874215.44       0.78362070209813617        2.2159838408697397E-009
   9.0257025791022124E-003   180967872430831.44       0.78374644444212949        2.4979271984193474E-009
   9.0246003650178794E-003   204065081026389.16       0.78387994699606189        2.8156819098512642E-009
   9.0234304438122238E-003   230115690700782.72       0.78402168884321377        3.1739091355120763E-009
   9.0221886755985862E-003   259498422726789.56       0.78417217866379285        3.5776110962615348E-009
   9.0208706698021394E-003   292640773858658.06       0.78433195656594246        4.0328131944988854E-009
   9.0194717702895104E-003   330025339915727.06       0.78450159603033931        4.5458818931365386E-009
   9.0179870396558080E-003   372196966532874.19       0.78468170597547882        5.1242068366263993E-009
   9.0164112426263932E-003   419770838554844.50       0.78487293295117289        5.7762008509598672E-009
   9.0147388285292552E-003   473441631697341.81       0.78507596346827679        6.5110725699923933E-009
   9.0129639127924203E-003   533993869149520.94       0.78529152647316003        7.3395085564698093E-009
   9.0110802574194619E-003   602313643983322.50       0.78552039597597345        8.2733322415151633E-009
   9.0090812503948944E-003   679401890851306.00       0.78576339384234906        9.3259586719796062E-009
   9.0069598839700640E-003   766389416279834.12       0.78602139275876814        1.0512621884117834E-008
   9.0047087317791513E-003   864553923538413.38       0.78629531938249475        1.1850261216750368E-008
   9.0023199247340271E-003   975339304968562.00       0.78658615768765905        1.3358089745452162E-008
   8.9997851256461391E-003   1100377506959512.1       0.78689495251981689        1.5057935343065765E-008
   8.9970955025231430E-003   1241513322727318.2       0.78722281337209965        1.6974013306025881E-008
   8.9942417004880478E-003   1400832510046926.2       0.78757091839691074        1.9133949535898864E-008
   8.9912138122688907E-003   1580693694960832.8       0.78794051866800896        2.1568894226220436E-008
   8.9880013472076713E-003   1783764582404419.0       0.78833294270879251        2.4313749236171134E-008
   8.9845931987385975E-003   2013063072712306.8       0.78874960130359606        2.7408077585278079E-008
   8.9809776102874293E-003   2272003967101136.0       0.78919199260990747        3.0896217140252702E-008
   8.9771421395462188E-003   2564452046118312.0       0.78966170759057353        3.4828417483367957E-008
   8.9730736210809851E-003   2894782417094473.0       0.79016043578628536        3.9261294659809209E-008
   8.9687581272339927E-003   3267949160673998.5       0.79068997144996966        4.4258513298700564E-008
   8.9641809272874330E-003   3689563456329676.0       0.79125222006609863        4.9892037168319803E-008
   8.9593264448614637E-003   4165982543080753.0       0.79184920527945890        5.6242811297124717E-008
   8.9541782135272689E-003   4704411076104340.0       0.79248307625949843        6.3402467276318930E-008
   8.9487188306245913E-003   5313016672039636.0       0.79315611552809784        7.1473778007202782E-008
   8.9429299092838935E-003   6001061711348343.0       0.79387074728044238        8.0573158811603207E-008
   8.9367920286656678E-003   6779053783577540.0       0.79462954623061643        9.0831576926575508E-008
   8.9302846824439296E-003   7658917523373806.0       0.79543524701563462        1.0239671155432006E-007
   8.9233862255774926E-003   8654191021436986.0       0.79629075419385942        1.1543500022526132E-007
   8.9160738194319807E-003   9780250486590894.0       0.79719915287613274        1.3013459465582855E-007
   8.9083233753374045E-003   11054567423078234.       0.79816372003049552        1.4670706605102168E-007
   8.9001094966912001E-003   12497003261808908.       0.79918793650410336        1.6539138414373156E-007
   8.8914054197449938E-003   14130147182007178.       0.80027549980884471        1.8645687305252068E-007
   8.8821829532453826E-003   15979703795361492.       0.80143033772029060        2.1020730400778120E-007
   8.8724124171350553E-003   18074938448741816.       0.80265662274292449        2.3698532913840609E-007
   8.8620625805609348E-003   20449189196164528.       0.80395878749815564        2.6717725631897338E-007
   8.8511005994809534E-003   23140455993661456.       0.80534154109543110        3.0121884719847003E-007
   8.8394919542111889E-003   26192079453123572.       0.80680988655080121        3.3960156997636659E-007
   8.8272003873102640E-003   29653523592910072.       0.80836913932165599        3.8287976167339366E-007
   8.8141878422590310E-003   33581279501109972.       0.81002494703096495        4.3167869989702012E-007
   8.8004144034603323E-003   38039909770051800.       0.81178331045931429        4.8670358410163317E-007
   8.7858382381568369E-003   43103257034346576.       0.81365060588831695        5.4875010846444638E-007
   8.7704155409442913E-003   48855844090267848.       0.81563360888460201        6.1871571688243421E-007
   8.7541004816436424E-003   55394497977626568.       0.81773951961961278        6.9761290433234535E-007
   8.7368451573878320E-003   62830236269325376.       0.81997598982684672        7.8658376878593117E-007
   8.7185995498782042E-003   71290460803518576.       0.82235115150499627        8.8691706423560390E-007
   8.6993114888704870E-003   80921512424933424.       0.82487364748271796        1.0000667316489853E-006
   8.6789266230614011E-003   91891650314295952.       0.82755266396848659        1.1276734994680737E-006
   8.6573883996631327E-003   1.0439453146183339E+017  0.83039796521718767        1.2715884167846525E-006
   8.6346380540733587E-003   1.1865328021937045E+017  0.83341993045383045        1.4339005929286941E-006
   8.6106146111722646E-003   1.3492525521040373E+017  0.83662959320397456        1.6169673244803562E-006
   8.5852548999033017E-003   1.5350764171675718E+017  0.84003868319024677        1.8234495655633509E-006
   8.5584935829195567E-003   1.7474402288469162E+017  0.84365967096464478        2.0563500129355816E-006
   8.5302632032001544E-003   1.9903211355373814E+017  0.84750581545721537        2.3190578986032051E-006
   8.5004942496584666E-003   2.2683287745612186E+017  0.85159121463316090        2.6153993530897424E-006
   8.4691152438723036E-003   2.5868129333975024E+017  0.85593085946249003        2.9496933393602376E-006
   8.4360528501624520E-003   2.9519909011888486E+017  0.86054069141896317        3.3268156585108954E-006
   8.4012320113246858E-003   3.3710983749753165E+017  0.86543766373831066        3.7522713682847098E-006
   8.3645761123773543E-003   3.8525685965768826E+017  0.87063980667949992        4.2322758417867590E-006
   8.3260071747151970E-003   4.4062453860599846E+017  0.87616629704720717        4.7738477633174625E-006
   8.2854460830547594E-003   5.0436369527764582E+017  0.88203753224854731        5.3849128107685829E-006
   8.2428128475098509E-003   5.7782188546098598E+017  0.88827520917256886        6.0744220036212937E-006
   8.1980269030401502E-003   6.6257963082563110E+017  0.89490240819691691        6.8524849439199897E-006
   8.1510074483638773E-003   7.6049383112678784E+017  0.90194368264248881        7.7305203376454301E-006
   8.1016738262089504E-003   8.7374988226820608E+017  0.90942515401366830        8.7214270934055094E-006
   8.0499459464876948E-003   1.0049243694401478E+018  0.91737461337891457        9.8397767942515202E-006
   7.9957447536103399E-003   1.1570606316076908E+018  0.92582162926397948        1.1102032090093417E-005
   7.9389927386949704E-003   1.3337600235273628E+018  0.93479766244782103        1.2526793398137670E-005
   7.8796144968799556E-003   1.5392923607739610E+018  0.94433618806934139        1.4135078686194902E-005
   7.8175373292945719E-003   1.7787298548976138E+018  0.95447282547134760        1.5950637703099346E-005
   7.7526918884911226E-003   2.0581098713730877E+018  0.96524547622667523        1.8000311229116051E-005
   7.6850128652877995E-003   2.3846331266764672E+018  0.97669447081015293        2.0314433299972734E-005
   7.6144397140175150E-003   2.7669055488900966E+018  0.98886272439918599        2.2927289592189481E-005
   7.5409174121316338E-003   3.2152340465322752E+018   1.0017959023051239        2.5877633447635162E-005
   7.4643972489781127E-003   3.7419889717555139E+018   1.0155425955576147        2.9209271588115371E-005
   7.3848376373781867E-003   4.3620492681167150E+018   1.0301545071847711        3.2971724408525915E-005
   7.3022049403836742E-003   5.0933503397328773E+018   1.0456866497536921        3.7220974832052889E-005
   7.2164743043355694E-003   5.9575597997112627E+018   1.0621975547588232        4.2020313912871643E-005
   7.1276304880947775E-003   6.9809127475641661E+018   1.0797494944704189        4.7441296942452027E-005
   7.0356686771154793E-003   8.1952464714742057E+018   1.0984087168823571        5.3564825748253497E-005
   6.9405952699224246E-003   9.6392849642234266E+018   1.1182456944284032        6.0482370258796436E-005
   6.8424286235815304E-003   1.1360237018361096E+019   1.1393353871694969        6.8297351504043036E-005
   6.7411997439675037E-003   1.3415788750606236E+019   1.1617575211924303        7.7126702876739728E-005
   6.6369529060831952E-003   1.5876593263268415E+019   1.1855968830032895        8.7102635689007002E-005
   6.5297461894218882E-003   1.8829388166143353E+019   1.2109436307482224        9.8374633580533555E-005
   6.4196519134325442E-003   2.2380907652593046E+019   1.2378936231502924        1.1111170545063942E-004
   6.3067569585891856E-003   2.6662802086560674E+019   1.2665487671155216        1.2550493079288572E-004
   6.1911629594117983E-003   3.1837837659458241E+019   1.2970173850344384        1.4177033381201909E-004
   6.0729863570582266E-003   3.8107725591267222E+019   1.3294146028885039        1.6015212884212815E-004
   5.9523583008118412E-003   4.5723029770030916E+019   1.3638627603643516        1.8092638458711008E-004
   5.8294243899199493E-003   5.4995730440210506E+019   1.4004918442835352        2.0440516027520061E-004
   5.7043442497674368E-003   6.6315188456706335E+019   1.4394399467715489        2.3094117352684407E-004
   5.5772909392544714E-003   8.0168471385313690E+019   1.4808537497176788        2.6093306837537966E-004
   5.4484501894239284E-003   9.7166284664974852E+019   1.5248890372164743        2.9483135858754395E-004
   5.3180194767741803E-003   1.1807611829248642E+020   1.5717112378319702        3.3314513336790696E-004
   5.1862069382014727E-003   1.4386469854288506E+020   1.6214959986864605        3.7644962083049904E-004
   5.0532301380365619E-003   1.7575246001477347E+020   1.6744297935459613        4.2539471894542658E-004
   4.9193147010588422E-003   2.1528357184579958E+020   1.7307105672532543        4.8071461731069576E-004
   4.7846928285714676E-003   2.6441612408593675E+020   1.7905484190452925        5.4323864583238901E-004
   4.6496017174882187E-003   3.2563848631346319E+020   1.8541663274837794        6.1390350970214058E-004
   4.5142819048123303E-003   4.0211969696839775E+020   1.9218009199242654        6.9376708336221782E-004
   4.3789755617862887E-003   4.9790416936317138E+020   1.9937032896495110        7.8402396252386097E-004
   4.2439247632873817E-003   6.1816419554719367E+020   2.0701398639958164        8.8602299911144655E-004
   4.1093697586852924E-003   7.6952793974681738E+020   2.1513933270061476        1.0012870685613962E-003
   3.9755472703400224E-003   9.6050616770749163E+020   2.2377636003510748        1.1315353551708540E-003
   3.8426888452024028E-003   1.2020482937692758E+021   2.3295688864679809        1.2787084748424604E-003
   3.7110192836140700E-003   1.5082680248217161E+021   2.4271467780812022        1.4449967965219912E-003
   3.5807551674415391E-003   1.8973917125331434E+021   2.5308554384824231        1.6328723689866820E-003
   3.4521035071965905E-003   2.3929995220899269E+021   2.6410748571727272        1.8451249122790614E-003
   3.3252605248848301E-003   3.0256520593367729E+021   2.7582081856982743        2.0849023906066577E-003
   3.2004105860948050E-003   3.8350249987635701E+021   2.8826831587515933        2.3557567507168642E-003
   3.0777252914038077E-003   4.8727139644067713E+021   3.0149536058643114        2.6616954824021377E-003
   2.9573627336521419E-003   6.2059246954054324E+021   3.1555010592859900        3.0072397433968945E-003
   2.8394669241369715E-003   7.9223337347028762E+021   3.3048364639319412        3.3974898842643597E-003
   2.7241673874063713E-003   1.0136498337653895E+022   3.4635019955921580        3.8381993150551352E-003
   2.6115789211861294E-003   1.2998318797914531E+022   3.6320729939274092        4.3358577762546702E-003
   2.5018015151240624E-003   1.6704222356650934E+022   3.8111600171397648        4.8977852111420361E-003
   2.3949204195498398E-003   2.1511959257404716E+022   4.0014110255953943        5.5322375898185783E-003
   2.2910063533643351E-003   2.7760197032441150E+022   4.2035137021000688        6.2485262047857759E-003
   2.1901158385151612E-003   3.5894493817893573E+022   4.4181979169846244        7.0571521553119965E-003
   2.0922916472909210E-003   4.6501758995480579E+022   4.6462383466505752        7.9699579507632734E-003
   1.9975633478669691E-003   6.0356014818666847E+022   4.8884572547564691        9.0002984139800901E-003
   1.9059479331371989E-003   7.8479216380585351E+022   5.1457274457960533        1.0163233339312683E-002
   1.8174505178369237E-003   1.0222215051054488E+023   5.4189754014301714        1.1475744673361987E-002
   1.7320650892590770E-003   1.3337212597820057E+023   5.7091846105892579        1.2956981339243612E-002
   1.6497752974442665E-003   1.7429643421995462E+023   6.0173991050608189        1.4628535219912919E-002
   1.5705552715336295E-003   2.2813359853616756E+023   6.3447272130219021        1.6514752264129129E-002
   1.4943704499632143E-003   2.9904850499056384E+023   6.6923455437685702        1.8643083183405906E-002
   1.4211784132999632E-003   3.9257297598326175E+023   7.0615032177380899        2.1044478773205810E-002
   1.3509297097274904E-003   5.1606068646103350E+023   7.4535263568141268        2.3753835533966594E-002
   1.2835686644423962E-003   6.7929517728577807E+023   7.8698228508562504        2.6810497987753479E-002
   1.2190341654828970E-003   8.9530295772557937E+023   8.3118874174021613        3.0258824897828163E-002
   1.1572604197491927E-003   1.1814414772364897E+024   8.7813069725614383        3.4148827513149627E-002
   1.0981776741645301E-003   1.5608556587079134E+024   9.2797663322510324        3.8536888997100505E-002
   1.0417128980461856E-003   2.0644288405543909E+024   9.8090542641253737        4.3486575350243584E-002
   9.8779042379257254E-004   2.7333972298027759E+024   10.371069911825893        4.9069549459886730E-002
   9.3633254393544693E-004   3.6228551733176780E+024   10.967829614525369        5.5366601373179947E-002
   8.8726006344932334E-004   4.8064569020810276E+024   11.601474146172343        6.2468809559163674E-002
   8.4049280695101466E-004   6.3827258981237261E+024   12.274276400357488        7.0478849790788445E-002
   7.9595008106142777E-004   8.4835251255575939E+024   12.988649548332852        7.9512470393979129E-002
   7.5355109274267951E-004   1.1285432810604617E+025   13.747155699420111        8.9700154974821089E-002
   7.1321532487109943E-004   1.5025026469208860E+025   14.552515094852810       0.10118899641918233     
   6.7486287066717055E-004   2.0019425716784906E+025   15.407615868016931       0.11414480896019086     
   6.3841472888426730E-004   2.6693913461509092E+025   16.315524406091114       0.12875450850435755     
   6.0379306186716963E-004   3.5619087818995261E+025   17.279496350247257       0.14522879521621235     
   5.7092141873660643E-004   4.7560850851437730E+025   18.302988273866458       0.16380517665504613     
   5.3972492604584645E-004   6.3547692577087002E+025   19.389670080656867       0.18475137458722202     
   5.1013044829705835E-004   8.4961284492970680E+025   20.543438167146419       0.20836916402561201     
   4.8206672070667117E-004   1.1365849798336244E+026   21.768429396760823       0.23499869916145144     
   4.5546445657661976E-004   1.5213580144565119E+026   23.069035935611726       0.26502338771410905     
   4.3025643156896092E-004   2.0375082565579093E+026   24.449921003206285       0.29887538294940441     
   4.0637754710018761E-004   2.7302107176062552E+026   25.916035594572708       0.33704177127890489     
   3.8376487497401835E-004   3.6602674706316544E+026   27.472636233775852       0.38007154309354974     
   3.6235768526166875E-004   4.9095419647409745E+026   29.125303822496456       0.42858344540957205     
   3.4209745932067695E-004   6.5882922784638691E+026   30.879963651269559       0.48327482715910719     
   3.2292788972028191E-004   8.8450699489727065E+026   32.742906645150519       0.54493160170113697     
   3.0479486871619869E-004   1.1880086129861456E+027   34.720811919994659       0.61443946651718306     
   2.8764646679230681E-004   1.5963265268486041E+027   36.820770730240859       0.69279653728449375     
   2.7143290266343765E-004   2.1458637935351943E+027   39.050311894071257       0.78112757278609024     
   2.5610650601330930E-004   2.8857309194508128E+027   41.417428787119931       0.88069998863431920     
   2.4162167412604196E-004   3.8822031749507676E+027   43.930608001522600       0.99294188180192577     
   2.2793482345931254E-004   5.2247488491133167E+027   46.598859773066970        1.1194623147024458     
   2.1500433710265778E-004   7.0341848267801781E+027   49.431750285548695        1.2620741373323199     
   2.0279050896624521E-004   9.4737139462193920E+027   52.439435968156843        1.4228196590324842     
   1.9125548545359080E-004   1.2763867580943828E+028   55.632699908865789        1.6039995180598225     
   1.8036320528649557E-004   1.7202742319766761E+028   59.022990514388823        1.8082051376511572     
   1.7007933807169123E-004   2.3193416286715409E+028   62.622462555308807        2.0383552019073932     
   1.6037122212632211E-004   3.1281105970089149E+028   66.444020743545209        2.2977366338947149     
   1.5120780201314239E-004   4.2203543088900774E+028   70.501365998400445        2.5900506120849514     
   1.4255956617600045E-004   5.6959301248440953E+028   74.809044567059374        2.9194642198312977     
   1.3439848501143524E-004   7.6900504360414701E+028   79.382500175660752        3.2906683861050396     
   1.2669794966282334E-004   1.0385866749174014E+029   84.238129397908850        3.7089428442136523     
   1.1943271177901663E-004   1.4031558064857718E+029   89.393340439742104        4.1802289085175062     
   1.1257882443959182E-004   1.8963545409265733E+029   94.866615550810295        4.7112109469248935     
   1.0611358441324956E-004   2.5638042001410731E+029   100.67757728652548        5.3094075085394934     
