   9.0436055743778263E-003   2.1145648078608310E-018   5.9463630400830084E-018  0.78158290670808406        0.0000000000000000        9.6644636172055638E-012   7.5119330153938790E-004
   9.0436055743728389E-003   2.1748580398769669E-018   6.1159135050700116E-018  0.78158290670868558        0.0000000000000000        1.0222028825890468E-011   7.5119330153938790E-004
   9.0436055743675428E-003   2.2463748893983620E-018   6.3170258801294377E-018  0.78158290670932418        0.0000000000000000        1.0903497414282946E-011   7.5119330153938790E-004
   9.0436055743619171E-003   2.3157072883633777E-018   6.5119953665886098E-018  0.78158290671000252        0.0000000000000000        1.1584966002675423E-011   7.5119330153938790E-004
   9.0436055743559462E-003   2.3830459114639853E-018   6.7013581603289410E-018  0.78158290671072239        0.0000000000000000        1.2266434591067900E-011   7.5119330153938790E-004
   9.0436055743496075E-003   2.4602810033293308E-018   6.9185507920904934E-018  0.78158290671148711        0.0000000000000000        1.3071806559169605E-011   7.5119330153938790E-004
   9.0436055743428785E-003   2.5351937932825532E-018   7.1292128837576744E-018  0.78158290671229846        0.0000000000000000        1.3877178527269655E-011   7.5119330153938790E-004
   9.0436055743357315E-003   2.6135009119173485E-018   7.3494201596352916E-018  0.78158290671316022        0.0000000000000000        1.4744502185224318E-011   7.5119330153938790E-004
   9.0436055743281438E-003   2.6949134161942171E-018   7.5783600836381107E-018  0.78158290671407504        0.0000000000000000        1.5673777533031941E-011   7.5119330153938790E-004
   9.0436055743200894E-003   2.7739736228106209E-018   7.8006851165684661E-018  0.78158290671504649        0.0000000000000000        1.6603052880839564E-011   7.5119330153938790E-004
   9.0436055743115390E-003   2.8559317723862600E-018   8.0311594485121979E-018  0.78158290671607766        0.0000000000000000        1.7594279918501800E-011   7.5119330153938790E-004
   9.0436055743024612E-003   2.9503515523693901E-018   8.2966771038836401E-018  0.78158290671717234        0.0000000000000000        1.8771362025726223E-011   7.5119330153938790E-004
   9.0436055742928213E-003   3.0371441259438043E-018   8.5407463089064260E-018  0.78158290671833475        0.0000000000000000        1.9886492443096032E-011   7.5119330153938790E-004
   9.0436055742825865E-003   3.1308136180524358E-018   8.8041540813950401E-018  0.78158290671956909        0.0000000000000000        2.1125526240173414E-011   7.5119330153938790E-004
   9.0436055742717219E-003   3.2218161745399037E-018   9.0600621700941792E-018  0.78158290672087916        0.0000000000000000        2.2364560037250796E-011   7.5119330153938790E-004
   9.0436055742601860E-003   3.3278065300848250E-018   9.3581174155182582E-018  0.78158290672227027        0.0000000000000000        2.3851400593744978E-011   7.5119330153938790E-004
   9.0436055742479388E-003   3.4305985241449816E-018   9.6471785556516265E-018  0.78158290672374731        0.0000000000000000        2.5338241150237505E-011   7.5119330153938790E-004
   9.0436055742349353E-003   3.5304715607972579E-018   9.9280313020835402E-018  0.78158290672531516        0.0000000000000000        2.6825081706730032E-011   7.5119330153938790E-004
   9.0436055742211321E-003   3.6555418267215960E-018   1.0279741121462052E-017  0.78158290672697983        0.0000000000000000        2.8745584092199892E-011   7.5119330176676158E-004
   9.0436055742064737E-003   3.7688903193418825E-018   1.0598488167943514E-017  0.78158290672874753        0.0000000000000000        3.0542183097963832E-011   7.5119330176676158E-004
   9.0436055741909133E-003   3.8827684642313593E-018   1.0918724648401911E-017  0.78158290673062403        0.0000000000000000        3.2400733793579078E-011   7.5119330176676158E-004
   9.0436055741743918E-003   4.0044114681113200E-018   1.1260796671725961E-017  0.78158290673261621        0.0000000000000000        3.4445139558758164E-011   7.5119330176676158E-004
   9.0436055741568502E-003   4.1225846250960068E-018   1.1593111146232905E-017  0.78158290673473141        0.0000000000000000        3.6489545323935596E-011   7.5119330176676158E-004
   9.0436055741382297E-003   4.2513133386945158E-018   1.1955108878246198E-017  0.78158290673697717        0.0000000000000000        3.8781757848528174E-011   7.5119330176676158E-004
   9.0436055741184573E-003   4.3797299248271231E-018   1.2316228877295685E-017  0.78158290673936126        0.0000000000000000        4.1135922062977019E-011   7.5119330176676158E-004
   9.0436055740974637E-003   4.5143498722931440E-018   1.2694793335086209E-017  0.78158290674189279        0.0000000000000000        4.3675941346984742E-011   7.5119330176676158E-004
   9.0436055740751777E-003   4.6546705413120009E-018   1.3089388779397125E-017  0.78158290674458020        0.0000000000000000        4.6401815700556305E-011   7.5119330176676158E-004
   9.0436055740515178E-003   4.7941209149944492E-018   1.3481536868103405E-017  0.78158290674743347        0.0000000000000000        4.9189641743980828E-011   7.5119330176676158E-004
   9.0436055740263973E-003   4.9446704159979086E-018   1.3904896788302021E-017  0.78158290675046282        0.0000000000000000        5.2287226236673456E-011   7.5119330176676158E-004
   9.0436055739997242E-003   5.0938756326490288E-018   1.4324476449426948E-017  0.78158290675367936        0.0000000000000000        5.5446762419222351E-011   7.5119330176676158E-004
   9.0436055739714083E-003   5.2502822331831644E-018   1.4764307106303973E-017  0.78158290675709396        0.0000000000000000        5.8854105361184738E-011   7.5119330176676158E-004
   9.0436055739413455E-003   5.4133209820989396E-018   1.5222788013032360E-017  0.78158290676071906        0.0000000000000000        6.2509255062563924E-011   7.5119330176676158E-004
   9.0436055739094266E-003   5.5824680496622487E-018   1.5698446109169461E-017  0.78158290676456821        0.0000000000000000        6.6412211523358256E-011   7.5119330176676158E-004
   9.0436055738755388E-003   5.7546722535105620E-018   1.6182701171511793E-017  0.78158290676865494        0.0000000000000000        7.0501023053713120E-011   7.5119330176676158E-004
   9.0436055738395624E-003   5.9297126679069939E-018   1.6674931935280296E-017  0.78158290677299325        0.0000000000000000        7.4775689653630170E-011   7.5119330176676158E-004
   9.0436055738013638E-003   6.1122588701128665E-018   1.7188269708407361E-017  0.78158290677759956        0.0000000000000000        7.9360114702816979E-011   7.5119330176676158E-004
   9.0436055737608077E-003   6.3017384955988832E-018   1.7721104945859342E-017  0.78158290678249009        0.0000000000000000        8.4254298201273547E-011   7.5119330176676158E-004
   9.0436055737177518E-003   6.4976278657984761E-018   1.8271965012291094E-017  0.78158290678768216        0.0000000000000000        8.9458240148998220E-011   7.5119330176676158E-004
   9.0436055736720401E-003   6.7016865465379809E-018   1.8845797978886433E-017  0.78158290679319464        0.0000000000000000        9.5033892235845612E-011   7.5119330176676158E-004
   9.0436055736235060E-003   6.9089493246709437E-018   1.9428641180689162E-017  0.78158290679904752        0.0000000000000000        1.0085735108210980E-010   7.5119330176676158E-004
   9.0436055735719778E-003   7.1234417293403132E-018   2.0031814799335377E-017  0.78158290680526121        0.0000000000000000        1.0705252006749671E-010   7.5119330176676158E-004
   9.0436055735172716E-003   7.3467009446082448E-018   2.0659641546739036E-017  0.78158290681185816        0.0000000000000000        1.1368135088186095E-010   7.5119330176676158E-004
   9.0436055734591896E-003   7.5740828102381729E-018   2.1299061590124601E-017  0.78158290681886233        0.0000000000000000        1.2061994014549330E-010   7.5119330176676158E-004
   9.0436055733975253E-003   7.8131251492366326E-018   2.1971272024965846E-017  0.78158290682629861        0.0000000000000000        1.2811609461781220E-010   7.5119330176676158E-004
   9.0436055733320534E-003   8.0572879298995358E-018   2.2657881642508495E-017  0.78158290683419362        0.0000000000000000        1.3598395922925217E-010   7.5119330176676158E-004
   9.0436055732625448E-003   8.3099412937887038E-018   2.3368367610413637E-017  0.78158290684257559        0.0000000000000000        1.4434743735952409E-010   7.5119330176676158E-004
   9.0436055731887496E-003   8.5723075062507540E-018   2.4106167058367511E-017  0.78158290685147469        0.0000000000000000        1.5326848069848091E-010   7.5119330176676158E-004
   9.0436055731103991E-003   8.8454766965319460E-018   2.4874345536415519E-017  0.78158290686092313        0.0000000000000000        1.6280904093597559E-010   7.5119330188044842E-004
   9.0436055730272157E-003   9.1270099301030309E-018   2.5666044522143017E-017  0.78158290687095422        0.0000000000000000        1.7290716638215517E-010   7.5119330188044842E-004
   9.0436055729388991E-003   9.4147146419780420E-018   2.6475098308374799E-017  0.78158290688160414        0.0000000000000000        1.8350090534716505E-010   7.5119330188044842E-004
   9.0436055728451339E-003   9.7147163087736594E-018   2.7318732334408780E-017  0.78158290689291132        0.0000000000000000        1.9483806459042037E-010   7.5119330188044842E-004
   9.0436055727455850E-003   1.0023064863428456E-017   2.8185838625356956E-017  0.78158290690491594        0.0000000000000000        2.0679474073221520E-010   7.5119330188044842E-004
   9.0436055726398901E-003   1.0342354834142408E-017   2.9083713248250592E-017  0.78158290691766152        0.0000000000000000        2.1949483715225547E-010   7.5119330188044842E-004
   9.0436055725276812E-003   1.0674931563966844E-017   3.0018951537112388E-017  0.78158290693119292        0.0000000000000000        2.3306225723024875E-010   7.5119330188044842E-004
   9.0436055724085421E-003   1.1019988517372209E-017   3.0989285435149602E-017  0.78158290694555965        0.0000000000000000        2.4749700096619503E-010   7.5119330188044842E-004
   9.0436055722820600E-003   1.1375373739082985E-017   3.1988663433665196E-017  0.78158290696081256        0.0000000000000000        2.6273711667024303E-010   7.5119330188044842E-004
   9.0436055721477698E-003   1.1741935398470914E-017   3.3019470667873636E-017  0.78158290697700628        0.0000000000000000        2.7884455603224237E-010   7.5119330188044842E-004
   9.0436055720051964E-003   1.2125895287336217E-017   3.4099203424781815E-017  0.78158290699419919        0.0000000000000000        2.9612907750146614E-010   7.5119330188044842E-004
   9.0436055718538261E-003   1.2526266967406428E-017   3.5225087743476487E-017  0.78158290701245303        0.0000000000000000        3.1459068107791103E-010   7.5119330210782209E-004
   9.0436055716931162E-003   1.2936978000585620E-017   3.6380047334175499E-017  0.78158290703183286        0.0000000000000000        3.3398156000216188E-010   7.5119330210782209E-004
   9.0436055715224940E-003   1.3362665861112739E-017   3.7577123227948689E-017  0.78158290705240840        0.0000000000000000        3.5454952103363550E-010   7.5119330210782209E-004
   9.0436055713413437E-003   1.3805100256380160E-017   3.8821292015042597E-017  0.78158290707425315        0.0000000000000000        3.7641846755203946E-010   7.5119330210782209E-004
   9.0436055711490149E-003   1.4263496159028596E-017   4.0110346121735814E-017  0.78158290709744593        0.0000000000000000        3.9958839955737211E-010   7.5119330210782209E-004
   9.0436055709448224E-003   1.4739536533504478E-017   4.1449018208624814E-017  0.78158290712206979        0.0000000000000000        4.2418322042934267E-010   7.5119330210782209E-004
   9.0436055707280322E-003   1.5238278654842671E-017   4.2851529827662147E-017  0.78158290714821244        0.0000000000000000        4.5051268861721759E-010   7.5119330233519577E-004
   9.0436055704978657E-003   1.5753026107987036E-017   4.4299050004829282E-017  0.78158290717596801        0.0000000000000000        4.7826704567173043E-010   7.5119330233519577E-004
   9.0436055702535004E-003   1.6289922419836242E-017   4.5808854938547756E-017  0.78158290720543599        0.0000000000000000        5.0781800173200060E-010   7.5119330233519577E-004
   9.0436055699940586E-003   1.6847025580666989E-017   4.7375483507531218E-017  0.78158290723672230        0.0000000000000000        5.3910360510817678E-010   7.5119330233519577E-004
   9.0436055697186105E-003   1.7429023939055814E-017   4.9012119806447006E-017  0.78158290726993818        0.0000000000000000        5.7243361424952708E-010   7.5119330244888260E-004
   9.0436055694261674E-003   1.8031900071931080E-017   5.0707466448715241E-017  0.78158290730520397        0.0000000000000000        6.0762217408648767E-010   7.5119330244888260E-004
   9.0436055691156831E-003   1.8663351574279750E-017   5.2483169824195143E-017  0.78158290734264535        0.0000000000000000        6.4516489813789049E-010   7.5119330244888260E-004
   9.0436055687860440E-003   1.9318428056131267E-017   5.4325308952127155E-017  0.78158290738239666        0.0000000000000000        6.8481397964431873E-010   7.5119330244888260E-004
   9.0436055684360653E-003   2.0007559671791252E-017   5.6263214446387846E-017  0.78158290742460046        0.0000000000000000        7.2725088719416488E-010   7.5119330267625628E-004
   9.0436055680644962E-003   2.0724875118588309E-017   5.8280375629666298E-017  0.78158290746940795        0.0000000000000000        7.7216586233815752E-010   7.5119330267625628E-004
   9.0436055676700045E-003   2.1471737929036479E-017   6.0380626888676992E-017  0.78158290751697967        0.0000000000000000        8.1968280845600588E-010   7.5119330267625628E-004
   9.0436055672511711E-003   2.2256191401554520E-017   6.2586586765098409E-017  0.78158290756748683        0.0000000000000000        8.7035929075638990E-010   7.5119330290362996E-004
   9.0436055668064973E-003   2.3074666336440555E-017   6.4888218320295181E-017  0.78158290762110971        0.0000000000000000        9.2400945416975070E-010   7.5119330290362996E-004
   9.0436055663343905E-003   2.3934102923732000E-017   6.7305038047274468E-017  0.78158290767804106        0.0000000000000000        9.8112891221491362E-010   7.5119330301731679E-004
   9.0436055658331561E-003   2.4830243725087234E-017   6.9825073613011301E-017  0.78158290773848493        0.0000000000000000        1.0414698581324668E-009   7.5119330301731679E-004
   9.0436055653009984E-003   2.5772737857473057E-017   7.2475459277956094E-017  0.78158290780265782        0.0000000000000000        1.1057137605107961E-009   7.5119330301731679E-004
   9.0436055647360129E-003   2.6763798429670124E-017   7.5262418520314554E-017  0.78158290787078954        0.0000000000000000        1.1740464744194621E-009   7.5119330324469047E-004
   9.0436055641361628E-003   2.7803072500889846E-017   7.8184958836002913E-017  0.78158290794312524        0.0000000000000000        1.2464679998584648E-009   7.5119330335837731E-004
   9.0436055634993094E-003   2.8894790439884797E-017   8.1254976435545033E-017  0.78158290801992336        0.0000000000000000        1.3232880952770689E-009   7.5119330335837731E-004
   9.0436055628231645E-003   3.0046702261066936E-017   8.4494265117203754E-017  0.78158290810145969        0.0000000000000000        1.4050643258839561E-009   7.5119330358575098E-004
   9.0436055621053030E-003   3.1257039906938262E-017   8.7897852930294967E-017  0.78158290818802645        0.0000000000000000        1.4916727882994171E-009   7.5119330358575098E-004
   9.0436055613431522E-003   3.2534602426416724E-017   9.1490483660649566E-017  0.78158290827993426        0.0000000000000000        1.5837329994219848E-009   7.5119330381312466E-004
   9.0436055605339835E-003   3.3882247793604548E-017   9.5280194210788194E-017  0.78158290837751176        0.0000000000000000        1.6814308143212181E-009   7.5119330392681150E-004
   9.0436055596748895E-003   3.5304737282363857E-017   9.9280373748225201E-017  0.78158290848110978        0.0000000000000000        1.7850759914463819E-009   7.5119330392681150E-004
   9.0436055587627944E-003   3.6811253761892888E-017   1.0351684539888225E-016  0.78158290859109936        0.0000000000000000        1.8952880476960073E-009   7.5119330415418517E-004
   9.0436055577944284E-003   3.8405258139668525E-017   1.0799934157279918E-016  0.78158290870787439        0.0000000000000000        2.0122528381396516E-009   7.5119330438155885E-004
   9.0436055567663150E-003   4.0093868282545120E-017   1.1274787840735863E-016  0.78158290883185455        0.0000000000000000        2.1364040246062838E-009   7.5119330449524568E-004
   9.0436055556747750E-003   4.1886179786605691E-017   1.1778803360784736E-016  0.78158290896348326        0.0000000000000000        2.2682991723045805E-009   7.5119330472261936E-004
   9.0436055545158912E-003   4.3788264174142970E-017   1.2313688088832937E-016  0.78158290910323325        0.0000000000000000        2.4082480396838050E-009   7.5119330494999303E-004
   9.0436055532855074E-003   4.5808266880585539E-017   1.2881732600936730E-016  0.78158290925160501        0.0000000000000000        2.5566842885729246E-009   7.5119330506367987E-004
   9.0436055519792155E-003   4.7960692080354692E-017   1.3487015612726821E-016  0.78158290940913056        0.0000000000000000        2.7144752426298775E-009   7.5119330529105355E-004
   9.0436055505923318E-003   5.0254672463200076E-017   1.4132105325813093E-016  0.78158290957637477        0.0000000000000000        2.8820545636836309E-009   7.5119330563211406E-004
   9.0436055491198829E-003   5.2699909973935255E-017   1.4819730021892689E-016  0.78158290975393718        0.0000000000000000        3.0598559135631508E-009   7.5119330585948774E-004
   9.0436055475565900E-003   5.5309303542109891E-017   1.5553517006020447E-016  0.78158290994245461        0.0000000000000000        3.2484988091669567E-009   7.5119330597317457E-004
   9.0436055458968500E-003   5.8102559891279614E-017   1.6339008001476325E-016  0.78158291014260250        0.0000000000000000        3.4490364292225457E-009   7.5119330642792193E-004
   9.0436055441347109E-003   6.1087315598271569E-017   1.7178350488261739E-016  0.78158291035509853        0.0000000000000000        3.6615926771096071E-009   7.5119330654160876E-004
   9.0436055422638568E-003   6.4292179102416147E-017   1.8079589439145643E-016  0.78158291058070495        0.0000000000000000        3.8877163450744616E-009   7.5119330699635611E-004
   9.0436055402775758E-003   6.7727702135633000E-017   1.9045692104213378E-016  0.78158291082023024        0.0000000000000000        4.1275932881866499E-009   7.5119330733741663E-004
   9.0436055381687541E-003   7.1417948610614746E-017   2.0083425490880980E-016  0.78158291107453282        0.0000000000000000        4.3822766851736541E-009   7.5119330767847714E-004
   9.0436055359298245E-003   7.5383962132907084E-017   2.1198707266641734E-016  0.78158291134452529        0.0000000000000000        4.6525099563136914E-009   7.5119330801953765E-004
   9.0436055335527659E-003   7.9657540154450148E-017   2.2400479185719424E-016  0.78158291163117444        0.0000000000000000        4.9396560387835040E-009   7.5119330847428500E-004
   9.0436055310290520E-003   8.4261333898740125E-017   2.3695110993446378E-016  0.78158291193550899        0.0000000000000000        5.2443344494815980E-009   7.5119330881534552E-004
   9.0436055283496346E-003   8.9229252953675678E-017   2.5092138397266900E-016  0.78158291225861964        0.0000000000000000        5.5677842222049965E-009   7.5119330915640603E-004
   9.0436055255049101E-003   9.4599626311141902E-017   2.6602339884193243E-016  0.78158291260166479        0.0000000000000000        5.9113682941304313E-009   7.5119330972484022E-004
   9.0436055224846785E-003   1.0040966541963386E-016   2.8236179677077164E-016  0.78158291296587434        0.0000000000000000        6.2762017956752128E-009   7.5119331029327441E-004
   9.0436055192781150E-003   1.0669941234537543E-016   3.0004917996093192E-016  0.78158291335255348        0.0000000000000000        6.6633998572566478E-009   7.5119331086170860E-004
   9.0436055158737167E-003   1.1351925385839758E-016   3.1922724093209706E-016  0.78158291376308953        0.0000000000000000        7.0745112711210008E-009   7.5119331143014278E-004
   9.0436055122592833E-003   1.2092144354408572E-016   3.4004292187051855E-016  0.78158291419895376        0.0000000000000000        7.5109609261348303E-009   7.5119331199857697E-004
   9.0436055084218564E-003   1.2896458280528963E-016   3.6266101564495046E-016  0.78158291466170871        0.0000000000000000        7.9742976145443809E-009   7.5119331256701116E-004
   9.0436055043476779E-003   1.3771537815968248E-016   3.8726910749841971E-016  0.78158291515301370        0.0000000000000000        8.4662559836654560E-009   7.5119331324913219E-004
   9.0436055000221380E-003   1.4724721472427727E-016   4.1407356354713075E-016  0.78158291567463001        0.0000000000000000        8.9886326325036889E-009   7.5119331404494005E-004
   9.0436054954297317E-003   1.5763964097959140E-016   4.4329808188680365E-016  0.78158291622842790        0.0000000000000000        9.5432241600647062E-009   7.5119331472706108E-004
   9.0436054905539982E-003   1.6898255128971613E-016   4.7519545424740593E-016  0.78158291681639225        0.0000000000000000        1.0132013020423677E-008   7.5119331552286894E-004
   9.0436054853774497E-003   1.8137481209749807E-016   5.1004370271974975E-016  0.78158291744063180        0.0000000000000000        1.0757043619345603E-008   7.5119331643236364E-004
   9.0436054798815318E-003   1.9493155628433516E-016   5.4816659220795424E-016  0.78158291810338409        0.0000000000000000        1.1420732072734578E-008   7.5119331734185835E-004
   9.0436054740465413E-003   2.0977289399458236E-016   5.8990188416350219E-016  0.78158291880702524        0.0000000000000000        1.2125246689735276E-008   7.5119331825135305E-004
   9.0436054678515593E-003   2.2604177633638441E-016   6.3565157105778645E-016  0.78158291955407744        0.0000000000000000        1.2873313344701007E-008   7.5119331927453459E-004
   9.0436054612743726E-003   2.4389138992331178E-016   6.8584642860060409E-016  0.78158292034721988        0.0000000000000000        1.3667534008605346E-008   7.5119332029771613E-004
   9.0436054542914028E-003   2.6350049906431956E-016   7.4098915947680229E-016  0.78158292118929584        0.0000000000000000        1.4511006265940660E-008   7.5119332166195818E-004
   9.0436054468776145E-003   2.8504790753575044E-016   8.0158257735329645E-016  0.78158292208332381        0.0000000000000000        1.5406146232610907E-008   7.5119332279882656E-004
   9.0436054390064264E-003   3.0875810851565039E-016   8.6825797895389964E-016  0.78158292303250965        0.0000000000000000        1.6356547106627191E-008   7.5119332404938177E-004
   9.0436054306496250E-003   3.3487549767748025E-016   9.4170262875803713E-016  0.78158292404025576        0.0000000000000000        1.7365740134310717E-008   7.5119332552731066E-004
   9.0436054217772430E-003   3.6366434006638993E-016   1.0226596658526030E-015  0.78158292511017546        0.0000000000000000        1.8437132658602938E-008   7.5119332700523955E-004
   9.0436054123574777E-003   3.9542603085667757E-016   1.1119766428667838E-015  0.78158292624610437        0.0000000000000000        1.9574565684274205E-008   7.5119332848316844E-004
   9.0436054023565506E-003   4.3050369118830469E-016   1.2106184499113999E-015  0.78158292745211522        0.0000000000000000        2.0782313877923770E-008   7.5119333018847101E-004
   9.0436053917386152E-003   4.6926822881264074E-016   1.3196281157512810E-015  0.78158292873253121        0.0000000000000000        2.2064466051081259E-008   7.5119333189377357E-004
   9.0436053804655962E-003   5.1214600164279641E-016   1.4402046004084625E-015  0.78158293009194357        0.0000000000000000        2.3425730532174711E-008   7.5119333371276298E-004
   9.0436053684970850E-003   5.5961156628863175E-016   1.5736824033312102E-015  0.78158293153522551        0.0000000000000000        2.4871001504701642E-008   7.5119333575912606E-004
   9.0436053557901679E-003   6.1219273389833237E-016   1.7215457809116340E-015  0.78158293306755156        0.0000000000000000        2.6405359007229022E-008   7.5119333780548914E-004
   9.0436053422992928E-003   6.7049874308697195E-016   1.8855079715068629E-015  0.78158293469441509        0.0000000000000000        2.8034688450291723E-008   7.5119334030659957E-004
   9.0436053279760904E-003   7.3517221015258036E-016   2.0673760747512556E-015  0.78158293642164900        0.0000000000000000        2.9764131824146325E-008   7.5119334246664948E-004
   9.0436053127692061E-003   8.0698473484801400E-016   2.2693199043144424E-015  0.78158293825544589        0.0000000000000000        3.1600503814675180E-008   7.5119334508144675E-004
   9.0436052966241295E-003   8.8676684909075693E-016   2.4936749968289516E-015  0.78158294020237939        0.0000000000000000        3.3550123494241675E-008   7.5119334769624402E-004
   9.0436052794829695E-003   9.7546736315430582E-016   2.7431094991637027E-015  0.78158294226943059        0.0000000000000000        3.5620115307177058E-008   7.5119335065210180E-004
   9.0436052612842786E-003   1.0741347634729208E-015   3.0205718572277437E-015  0.78158294446400933        0.0000000000000000        3.7817665649502221E-008   7.5119335360795958E-004
   9.0436052419628106E-003   1.1839622204101485E-015   3.3294173821946908E-015  0.78158294679398355        0.0000000000000000        4.0150766289205832E-008   7.5119335679119104E-004
   9.0436052214492909E-003   1.3062905537600080E-015   3.6734165897689358E-015  0.78158294926770722        0.0000000000000000        4.2627904607795081E-008   7.5119336020179617E-004
   9.0436051996701811E-003   1.4426186279101945E-015   4.0567844323811676E-015  0.78158295189404858        0.0000000000000000        4.5257939696915956E-008   7.5119336383977497E-004
   9.0436051765473962E-003   1.5946204284827207E-015   4.4842283203490025E-015  0.78158295468242345        0.0000000000000000        4.8050102358353153E-008   7.5119336759144062E-004
   9.0436051519980389E-003   1.7641964330853212E-015   4.9610925814175624E-015  0.78158295764282870        0.0000000000000000        5.1014552669238720E-008   7.5119337168416678E-004
   9.0436051259340927E-003   1.9534871641919467E-015   5.4933965727536802E-015  0.78158296078587808        0.0000000000000000        5.4162132175292590E-008   7.5119337623164029E-004
   9.0436050982621186E-003   2.1648451850399548E-015   6.0877559306447203E-015  0.78158296412283923        0.0000000000000000        5.7503496567164640E-008   7.5119338066542696E-004
   9.0436050688829078E-003   2.4010080584671611E-015   6.7518689475725046E-015  0.78158296766567614        0.0000000000000000        6.1051407892958957E-008   7.5119338566764782E-004
   9.0436050376911294E-003   2.6649430549525048E-015   7.4940798760351083E-015  0.78158297142709043        0.0000000000000000        6.4817760877121193E-008   7.5119339066986868E-004
   9.0436050045749564E-003   2.9601005604863130E-015   8.3240915361256545E-015  0.78158297542056732        0.0000000000000000        6.8816804408310383E-008   7.5119339624052373E-004
   9.0436049694156660E-003   3.2902701623034369E-015   9.2525606145158466E-015  0.78158297966042378        0.0000000000000000        7.3062415665045701E-008   7.5119340203855245E-004
   9.0436049320872011E-003   3.6597930811968768E-015   1.0291695044743175E-014  0.78158298416186078        0.0000000000000000        7.7570330376540746E-008   7.5119340840501536E-004
   9.0436048924557363E-003   4.0734352817025317E-015   1.1454897180587150E-014  0.78158298894101652        0.0000000000000000        8.2355850610179200E-008   7.5119341488516511E-004
   9.0436048503791874E-003   4.5367135197883538E-015   1.2757680673821561E-014  0.78158299401502462        0.0000000000000000        8.7437004307696714E-008   7.5119342193374905E-004
   9.0436048057067012E-003   5.0557140855014232E-015   1.4217160760731986E-014  0.78158299940207698        0.0000000000000000        9.2831571604068229E-008   7.5119342943708034E-004
   9.0436047582781228E-003   5.6373002962386278E-015   1.5852637753244222E-014  0.78158300512148637        0.0000000000000000        9.8558633619753938E-008   7.5119343716778531E-004
   9.0436047079234128E-003   6.2892942437664433E-015   1.7686108129025088E-014  0.78158301119375773        0.0000000000000000        1.0463937783266700E-007   7.5119344558061130E-004
   9.0436046544620403E-003   7.0203885625068279E-015   1.9742016415072929E-014  0.78158301764066118        0.0000000000000000        1.1109523952747808E-007   7.5119345456187148E-004
   9.0436045977023410E-003   7.8403886725391845E-015   2.2047936398336564E-014  0.78158302448530981        0.0000000000000000        1.1794920278110167E-007   7.5119346388419217E-004
   9.0436045374408195E-003   8.7603946511032144E-015   2.4635082565710704E-014  0.78158303175224331        0.0000000000000000        1.2522617217283504E-007   7.5119347388863389E-004
   9.0436044734614317E-003   9.7928267920371615E-015   2.7538381979258562E-014  0.78158303946751417        0.0000000000000000        1.3295198155732023E-007   7.5119348446150980E-004
   9.0436044055348004E-003   1.0951737348813764E-014   3.0797350927438961E-014  0.78158304765878295        0.0000000000000000        1.4115457114665084E-007   7.5119349583019357E-004
   9.0436043334173963E-003   1.2252899046828615E-014   3.4456343829682937E-014  0.78158305635541681        0.0000000000000000        1.4986324409009342E-007   7.5119350776731153E-004
   9.0436042568506746E-003   1.3714057732905789E-014   3.8565263710623045E-014  0.78158306558859414        0.0000000000000000        1.5910903818422615E-007   7.5119352038655052E-004
   9.0436041755601257E-003   1.5355288548496350E-014   4.3180563792880762E-014  0.78158307539141758        0.0000000000000000        1.6892546929321614E-007   7.5119353402897104E-004
   9.0436040892543142E-003   1.7199093155573106E-014   4.8365520904727456E-014  0.78158308579903146        0.0000000000000000        1.7934747817009193E-007   7.5119354835351260E-004
   9.0436039976238176E-003   1.9270843533834297E-014   5.4191483479639249E-014  0.78158309684874927        0.0000000000000000        1.9041235973209013E-007   7.5119356358754885E-004
   9.0436039003401313E-003   2.1599161825965635E-014   6.0738939716606292E-014  0.78158310858018509        0.0000000000000000        2.0215994891572420E-007   7.5119357973107981E-004
   9.0436037970544718E-003   2.4216242653115685E-014   6.8098423960726454E-014  0.78158312103539884        0.0000000000000000        2.1463231091833449E-007   7.5119359689779230E-004
   9.0436036873965502E-003   2.7158377119413340E-014   7.6371990252629551E-014  0.78158313425904391        0.0000000000000000        2.2787423681160596E-007   7.5119361520137318E-004
   9.0436035709732260E-003   3.0466393276545421E-014   8.5674450955056325E-014  0.78158314829852882        0.0000000000000000        2.4193305768649746E-007   7.5119363452813559E-004
   9.0436034473671024E-003   3.4186337840421189E-014   9.6135293803112860E-014  0.78158316320418819        0.0000000000000000        2.5685926417013897E-007   7.5119365499176638E-004
   9.0436033161350338E-003   3.8370014736172938E-014   1.0790019634134778E-013  0.78158317902946017        0.0000000000000000        2.7270619666738110E-007   7.5119367670595238E-004
   9.0436031768065354E-003   4.3075897962421624E-014   1.2113359298209494E-013  0.78158319583108116        0.0000000000000000        2.8953091268445090E-007   7.5119369978438044E-004
   9.0436030288820884E-003   4.8369841506102287E-014   1.3602067134937155E-013  0.78158321366928785        0.0000000000000000        3.0739387707050118E-007   7.5119372456811107E-004
   9.0436028718313688E-003   5.4325841221136592E-014   1.5276951474932541E-013  0.78158323260803242        0.0000000000000000        3.2635865225915936E-007   7.5119375060239690E-004
   9.0436027050913234E-003   6.1027527968751348E-014   1.7161530101737499E-013  0.78158325271521345        0.0000000000000000        3.4649357096415045E-007   7.5119377834198531E-004
   9.0436025280641649E-003   6.8568967230050402E-014   1.9282255109721423E-013  0.78158327406291817        0.0000000000000000        3.6787068300056774E-007   7.5119380778687628E-004
   9.0436023401152237E-003   7.7056164853803505E-014   2.1668936333819586E-013  0.78158329672768156        0.0000000000000000        3.9056656065683731E-007   7.5119383882338298E-004
   9.0436021405706744E-003   8.6608702689183612E-014   2.4355201303924886E-013  0.78158332079076065        0.0000000000000000        4.1466285625992346E-007   7.5119387201993959E-004
   9.0436019287151274E-003   9.7361146666432908E-014   2.7378891209233180E-013  0.78158334633842441        0.0000000000000000        4.4024580656180638E-007   7.5119390737654612E-004
   9.0436017037890427E-003   1.0946505958698126E-013   3.0782626912371820E-013  0.78158337346226581        0.0000000000000000        4.6740685225637659E-007   7.5119394455214206E-004
   9.0436014649860289E-003   1.2309162202822048E-013   3.4614545970771623E-013  0.78158340225952794        0.0000000000000000        4.9624393896491605E-007   7.5119398434253526E-004
   9.0436012114499462E-003   1.3843318449760150E-013   3.8928739114762215E-013  0.78158343283345311        0.0000000000000000        5.2685990649215804E-007   7.5119402640666522E-004
   9.0436009422718271E-003   1.5570690863517422E-013   4.3786274185466894E-013  0.78158346529365386        0.0000000000000000        5.5936478103880431E-007   7.5119407108559244E-004
   9.0436006564866347E-003   1.7515740718768773E-013   4.9255938517080270E-013  0.78158349975650487        0.0000000000000000        5.9387515568462054E-007   7.5119411860669061E-004
   9.0436003530697823E-003   1.9706018316550806E-013   5.5415206056234971E-013  0.78158353634556088        0.0000000000000000        6.3051456209856745E-007   7.5119416896995972E-004
   9.0436000309334803E-003   2.2172604670037320E-013   6.2351479419201593E-013  0.78158357519199961        0.0000000000000000        6.6941470957258876E-007   7.5119422263014712E-004
   9.0435996889228262E-003   2.4950465076627662E-013   7.0163084163994697E-013  0.78158361643509078        0.0000000000000000        7.1071449379456496E-007   7.5119427935987915E-004
   9.0435993258116635E-003   2.8079076892148256E-013   7.8961034143464715E-013  0.78158366022269787        0.0000000000000000        7.5456247491589437E-007   7.5119433972758998E-004
   9.0435989402981847E-003   3.1602873698653566E-013   8.8870280538295734E-013  0.78158370671180621        0.0000000000000000        8.0111557656599568E-007   7.5119440373327961E-004
   9.0435985310002732E-003   3.5571951310365852E-013   1.0003169720171475E-012  0.78158375606908670        0.0000000000000000        8.5054069659622890E-007   7.5119447160432173E-004
   9.0435980964505419E-003   4.0042793145877067E-013   1.1260412046168943E-012  0.78158380847149178        0.0000000000000000        9.0301532659677789E-007   7.5119454379546369E-004
   9.0435976350910652E-003   4.5079016048339020E-013   1.2676644642215747E-012  0.78158386410689340        0.0000000000000000        9.5872742799325380E-007   7.5119462053407915E-004
   9.0435971452678138E-003   5.0752312987147598E-013   1.4272028191036714E-012  0.78158392317475223        0.0000000000000000        1.0178765471770919E-006   7.5119470182016812E-004
   9.0435966252246976E-003   5.7143553380702266E-013   1.6069303866540874E-012  0.78158398588683642        0.0000000000000000        1.0806752403943938E-006   7.5119478833585163E-004
   9.0435960730973000E-003   6.4343760628912656E-013   1.8094068222475265E-012  0.78158405246797791        0.0000000000000000        1.1473480205671778E-006   7.5119487996744283E-004
   9.0435954869061714E-003   7.2455651108323500E-013   2.0375205969025317E-012  0.78158412315688064        0.0000000000000000        1.2181344548778388E-006   7.5119497751074960E-004
   9.0435948645497307E-003   8.1594851218501728E-013   2.2945232213811806E-012  0.78158419820697567        0.0000000000000000        1.2932876779285629E-006   7.5119508073839825E-004
   9.0435942037967627E-003   9.1891860942906541E-013   2.5840844628844699E-012  0.78158427788732887        0.0000000000000000        1.3730779229876076E-006   7.5119519055988349E-004
   9.0435935022783742E-003   1.0349358893515966E-012   2.9103355125559273E-012  0.78158436248360708        0.0000000000000000        1.4577907253902607E-006   7.5119530708889215E-004
   9.0435927574795388E-003   1.1656570682841218E-012   3.2779351901782809E-012  0.78158445229910056        0.0000000000000000        1.5477299581715911E-006   7.5119543089385843E-004
   9.0435919667300590E-003   1.3129491914994232E-012   3.6921337754777652E-012  0.78158454765581242        0.0000000000000000        1.6432180798731595E-006   7.5119556220215600E-004
   9.0435911271949977E-003   1.4789161602258007E-012   4.1588476035787061E-012  0.78158464889561141        0.0000000000000000        1.7445971877216844E-006   7.5119570158221904E-004
   9.0435902358645265E-003   1.6659306753987117E-012   4.6847488926261743E-012  0.78158475638145719        0.0000000000000000        1.8522313098414986E-006   7.5119584982985543E-004
   9.0435892895431146E-003   1.8766650222665508E-012   5.2773523115542010E-012  0.78158487049870462        0.0000000000000000        1.9665057857375809E-006   7.5119600705875200E-004
   9.0435882848380958E-003   2.1141322455749094E-012   5.9451307668175800E-012  0.78158499165648065        0.0000000000000000        2.0878303638799587E-006   7.5119617383734294E-004
   9.0435872181474832E-003   2.3817290659548055E-012   6.6976360852098991E-012  0.78158512028915605        0.0000000000000000        2.2166403787857182E-006   7.5119635118880979E-004
   9.0435860856470755E-003   2.6832818095644500E-012   7.5456281698356301E-012  0.78158525685789837        0.0000000000000000        2.3533969988256654E-006   7.5119653911315254E-004
   9.0435848832767351E-003   3.0231064976824762E-012   8.5012439746231058E-012  0.78158540185232817        0.0000000000000000        2.4985913150357194E-006   7.5119673897461325E-004
   9.0435836067258354E-003   3.4060645382637918E-012   9.5781541106241526E-012  0.78158555579227362        0.0000000000000000        2.6527432879380653E-006   7.5119695100056560E-004
   9.0435822514178116E-003   3.8376374936800804E-012   1.0791773095514214E-011  0.78158571922963327        0.0000000000000000        2.8164058363525167E-006   7.5119717621419113E-004
   9.0435808124937483E-003   4.3240027784663494E-012   1.2159472217548946E-011  0.78158589275035617        0.0000000000000000        2.9901655808166264E-006   7.5119741518392402E-004
   9.0435792847949649E-003   4.8721238548828228E-012   1.3700833167635978E-011  0.78158607697654159        0.0000000000000000        3.1746455694598407E-006   7.5119766904663265E-004
   9.0435776628445194E-003   5.4898493030552680E-012   1.5437926626334525E-011  0.78158627256866919        0.0000000000000000        3.3705071985056662E-006   7.5119793848443805E-004
   9.0435759408275720E-003   6.1860250649151873E-012   1.7395627895275783E-011  0.78158648022796828        0.0000000000000000        3.5784525044839436E-006   7.5119822452052176E-004
   9.0435741125705488E-003   6.9706230790950010E-012   1.9601978619669305E-011  0.78158670069893044        0.0000000000000000        3.7992271998633680E-006   7.5119852829175215E-004
   9.0435721715189984E-003   7.8548827529481914E-012   2.2088584607864496E-011  0.78158693477197894        0.0000000000000000        4.0336228413603193E-006   7.5119885082131077E-004
   9.0435701107141019E-003   8.8514713414437472E-012   2.4891066816203560E-011  0.78158718328630317        0.0000000000000000        4.2824794938611709E-006   7.5119919313237915E-004
   9.0435679227677274E-003   9.9746686569232650E-012   2.8049580751367137E-011  0.78158744713286687        0.0000000000000000        4.5466895094749610E-006   7.5119955658919935E-004
   9.0435655998359430E-003   1.1240570015133159E-011   3.1609387151159970E-011  0.78158772725760206        0.0000000000000000        4.8272001914556077E-006   7.5119994255601341E-004
   9.0435631335908911E-003   1.2667315899515119E-011   3.5621497795062915E-011  0.78158802466480137        0.0000000000000000        5.1250169537375828E-006   7.5120035216968972E-004
   9.0435605151909515E-003   1.4275356913422627E-011   4.0143420542239807E-011  0.78158834042071723        0.0000000000000000        5.4412079053603734E-006   7.5120078713553085E-004
   9.0435577352490255E-003   1.6087741387859145E-011   4.5239968072757467E-011  0.78158867565738610        1.1368683772161603E-013   5.7769064524388196E-006   7.5120124904515251E-004
   9.0435547837989030E-003   1.8130450117588229E-011   5.0984199150312833E-011  0.78158903157668569        0.0000000000000000        6.1333161923458712E-006   7.5120173949017044E-004
   9.0435516502595306E-003   2.0432766635745684E-011   5.7458459813451447E-011  0.78158940945464483        0.0000000000000000        6.5117147547165388E-006   7.5120226006220037E-004
   9.0435483233970784E-003   2.3027698305972347E-011   6.4755567459228198E-011  0.78158981064601718        0.0000000000000000        6.9134585717270784E-006   7.5120281258023169E-004
   9.0435447912846720E-003   2.5952456263416604E-011   7.2980160402024168E-011  0.78159023658914017        0.0000000000000000        7.3399886396010868E-006   7.5120339943168801E-004
   9.0435410412596420E-003   2.9248975254601028E-011   8.2250159616359463E-011  0.78159068881108984        0.0000000000000000        7.7928335542411517E-006   7.5120402243555873E-004
   9.0435370598781310E-003   3.2964528809871805E-011   9.2698498544090584E-011  0.78159116893315728        0.0000000000000000        8.2736170073819630E-006   7.5120468386558059E-004
   9.0435328328669073E-003   3.7152401545015281E-011   1.0447501353189300E-010  0.78159167867665869        1.1368683772161603E-013   8.7840626807723200E-006   7.5120538610917720E-004
   9.0435283450721951E-003   4.1872656976908945E-011   1.1774860283558910E-010  0.78159221986911043        0.0000000000000000        9.3260008130525572E-006   7.5120613166745898E-004
   9.0435235804053622E-003   4.7192991348660165E-011   1.3270962745892290E-010  0.78159279445077801        1.1368683772161603E-013   9.9013738373564285E-006   7.5120692315522319E-004
   9.0435185217852491E-003   5.3189723074683386E-011   1.4957269332817109E-010  0.78159340448163339        1.1368683772161603E-013   1.0512245302352258E-005   7.5120776364201447E-004
   9.0435131510769422E-003   5.9948862902410957E-011   1.6857966040424685E-010  0.78159405214874089        1.1368683772161603E-013   1.1160804580568992E-005   7.5120865585631691E-004
   9.0435074490267751E-003   6.7567372480378472E-011   1.9000318155306382E-010  0.78159473977409710        1.1368683772161603E-013   1.1849377214325625E-005   7.5120960320873564E-004
   9.0435013951933162E-003   7.6154543324942364E-011   2.1415057992241860E-010  0.78159546982295691        1.1368683772161603E-013   1.2580431916269096E-005   7.5121060899618897E-004
   9.0434949678740995E-003   8.5833561590011022E-011   2.4136824873345721E-010  0.78159624491267177        1.1368683772161603E-013   1.3356589180655707E-005   7.5121167662928201E-004
   9.0434881440278423E-003   9.6743296595616696E-011   2.7204668020530323E-010  0.78159706782207239        1.1368683772161603E-013   1.4180632310747972E-005   7.5121281031442777E-004
   9.0434808991918560E-003   1.0904026624938938E-010   3.0662599180628512E-010  0.78159794150143347        1.1368683772161603E-013   1.5055515162771475E-005   7.5121401380329189E-004
   9.0434732073943827E-003   1.2290091069528414E-010   3.4560231912760928E-010  0.78159886908304899        2.2737367544323206E-013   1.5984374784054582E-005   7.5121529187072156E-004
   9.0434650410614985E-003   1.3852409934487742E-010   3.8953486488875538E-010  0.78159985389246434        1.1368683772161603E-013   1.6970540829679742E-005   7.5121664849575609E-004
   9.0434563709182979E-003   1.5613400976073507E-010   4.3905399342388185E-010  0.78160089946039724        2.2737367544323206E-013   1.8017549129897184E-005   7.5121808890799002E-004
   9.0434471658839763E-003   1.7598333281207878E-010   4.9487024244210135E-010  0.78160200953539782        2.2737367544323206E-013   1.9129153460938902E-005   7.5121961822333105E-004
   9.0434373929604399E-003   1.9835689919729656E-010   5.5778451942603528E-010  0.78160318809728746        2.2737367544323206E-013   2.0309338988527317E-005   7.5122124189874739E-004
   9.0434270171140616E-003   2.2357577315530507E-010   6.2869961146883995E-010  0.78160443937142687        3.4106051316484809E-013   2.1562336826513324E-005   7.5122296561858093E-004
   9.0434160011501150E-003   2.5200186802222022E-010   7.0863316218133357E-010  0.78160576784386759        3.4106051316484809E-013   2.2892639462836863E-005   7.5122479586298141E-004
   9.0434043055795076E-003   2.8404312569770844E-010   7.9873223388201765E-010  0.78160717827743265        3.4106051316484809E-013   2.4305016061582825E-005   7.5122673888472491E-004
   9.0433918884772618E-003   3.2015938907955972E-010   9.0028981789103905E-010  0.78160867572879422        3.4106051316484809E-013   2.5804530305054737E-005   7.5122880184608221E-004
   9.0433787053322938E-003   3.6086899659053663E-010   1.0147633747206687E-009  0.78161026556660362        4.5474735088646412E-013   2.7396558173895152E-005   7.5123099202301091E-004
   9.0433647088879170E-003   4.0675623940914158E-010   1.1437957994304843E-009  0.78161195349073898        4.5474735088646412E-013   2.9086807771609905E-005   7.5123331748727651E-004
   9.0433498489725216E-003   4.5847971395351408E-010   1.2892389035252836E-009  0.78161374555274132        5.6843418860808015E-013   3.0881338405670068E-005   7.5123578619695763E-004
   9.0433340723198152E-003   5.1678184000376282E-010   1.4531801735260090E-009  0.78161564817751061        5.6843418860808015E-013   3.2786584500843187E-005   7.5123840747437498E-004
   9.0433173223779754E-003   5.8249944331593018E-010   1.6379725215774280E-009  0.78161766818634326        6.8212102632969618E-013   3.4809375981275829E-005   7.5124119030078873E-004
   9.0432995391070449E-003   6.5657586200690207E-010   1.8462683193019270E-009  0.78161981282138637        6.8212102632969618E-013   3.6956965653113661E-005   7.5124414490801428E-004
   9.0432806587638550E-003   7.4007441124317316E-010   2.0810572493021001E-009  0.78162208977160474        7.9580786405131221E-013   3.9237052622210467E-005   7.5124728175524069E-004
   9.0432606136736510E-003   8.3419371522679152E-010   2.3457094051978288E-009  0.78162450720034859        9.0949470177292824E-013   4.1657811721146866E-005   7.5125061221115175E-004
   9.0432393319876941E-003   9.4028487979874407E-010   2.6440235647258709E-009  0.78162707377462215        1.0231815394945443E-012   4.4227921635259499E-005   7.5125414798549173E-004
   9.0432167374258875E-003   1.0598709391844012E-009   2.9802818544012541E-009  0.78162979869615856        1.1368683772161603E-012   4.6956597055525052E-005   7.5125790203856013E-004
   9.0431927490035712E-003   1.1946687029386546E-009   3.3593111595637680E-009  0.78163269173441241        1.3642420526593924E-012   4.9853620955342326E-005   7.5126188778540381E-004
   9.0431672807414556E-003   1.3466133946119610E-009   3.7865523799556807E-009  0.78163576326158568        1.4779288903810084E-012   5.2929379283424032E-005   7.5126611920950381E-004
   9.0431402413577201E-003   1.5178865426071047E-009   4.2681388246997092E-009  0.78163902428981846        1.7053025658242404E-012   5.6194900055251410E-005   7.5127061188595690E-004
   9.0431115339411079E-003   1.7109472070229145E-009   4.8109839811981540E-009  0.78164248651067314        1.9326762412674725E-012   5.9661890585970730E-005   7.5127538173092034E-004
   9.0430810556039101E-003   1.9285673646528727E-009   5.4228809684620427E-009  0.78164616233705220        2.1600499167107046E-012   6.3342780670642881E-005   7.5128044579741982E-004
   9.0430486971135593E-003   2.1738717765112972E-009   6.1126145853694442E-009  0.78165006494770706        2.3874235921539366E-012   6.7250767746937078E-005   7.5128582238903618E-004
   9.0430143425015621E-003   2.4503827862541008E-009   6.8900872126968101E-009  0.78165420833448895        2.7284841053187847E-012   7.1399862553427228E-005   7.5129153083253186E-004
   9.0429778686483171E-003   2.7620710211994236E-009   7.7664612989313303E-009  0.78165860735251902        3.0695446184836328E-012   7.5804940797189211E-005   7.5129759136416396E-004
   9.0429391448423827E-003   3.1134124011258204E-009   8.7543195664086944E-009  0.78166327777345235        3.5242919693700969E-012   8.0481795688707743E-005   7.5130402569811849E-004
   9.0428980323126323E-003   3.5094525243646820E-009   9.8678459418019924E-009  0.78166823634202809        3.8653524825349450E-012   8.5447195370950629E-005   7.5131085714019719E-004
   9.0428543837315807E-003   3.9558790945528927E-009   1.1123029072307384E-008  0.78167350083611031        4.4337866711430252E-012   9.0718941835265669E-005   7.5131811013307015E-004
   9.0428080426881632E-003   4.4591037833214990E-009   1.2537892346031883E-008  0.78167909013043435        5.0022208597511053E-012   9.6315936094377565E-005   7.5132581059733639E-004
   9.0427588431280653E-003   5.0263543208214730E-009   1.4132752637619869E-008  0.78168502426428421        5.5706550483591855E-012   1.0225824496610602E-004   7.5133398627258430E-004
   9.0427066087596184E-003   5.6657784406587591E-009   1.5930512345924456E-008  0.78169132451335044        6.2527760746888816E-012   1.0856717343270985E-004   7.5134266637633118E-004
   9.0426511524231458E-003   6.3865610041342101E-009   1.7956988440899260E-008  0.78169801346601708        7.0485839387401938E-012   1.1526534077925520E-004   7.5135188183139689E-004
   9.0425922754215262E-003   7.1990561643812424E-009   2.0241283741514691E-008  0.78170511510436091        7.9580786405131221E-012   1.2237676249345756E-004   7.5136166606171173E-004
   9.0425297668095921E-003   8.1149361482638278E-009   2.2816204849668265E-008  0.78171265489014707        8.9812601800076663E-012   1.2992693520112012E-004   7.5137205396913487E-004
   9.0424634026398353E-003   9.1473592380043131E-009   2.5718733985833428E-008  0.78172065985613159        1.0118128557223827E-011   1.3794292897378080E-004   7.5138308295663592E-004
   9.0423929451617473E-003   1.0311159024153768E-008   2.8990560534598535E-008  0.78172915870299986        1.1482370609883219E-011   1.4645348409683415E-004   7.5139479247354757E-004
   9.0423181419719677E-003   1.1623057767465103E-008   3.2678680258369595E-008  0.78173818190228583        1.2846612662542611E-011   1.5548911378496233E-004   7.5140722435662610E-004
   9.0422387251122109E-003   1.3101907169730153E-008   3.6836071433945334E-008  0.78174776180564398        1.4551915228366852E-011   1.6508221464146700E-004   7.5142042351217242E-004
   9.0421544101117850E-003   1.4768959487601440E-008   4.1522456132782373E-008  0.78175793276086580        1.6370904631912708E-011   1.7526718151610442E-004   7.5143443700653734E-004
   9.0420648949713200E-003   1.6648173582546377E-008   4.6805159524644745E-008  0.78176873123505530        1.8417267710901797E-011   1.8608053184145229E-004   7.5144931520298996E-004
   9.0419698590841167E-003   1.8766559814627872E-008   5.2760078150450127E-008  0.78178019594540660        2.0804691303055733E-011   1.9756103635021514E-004   7.5146511164803087E-004
   9.0418689620912849E-003   2.1154568806682016E-008   5.9472771247633711E-008  0.78179236799805618        2.3419488570652902E-011   2.0974985728858779E-004   7.5148188261664473E-004
   9.0417618426666714E-003   2.3846530322938224E-008   6.7039692624161087E-008  0.78180529103550123        2.6375346351414919E-011   2.2269069778081300E-004   7.5149968859022920E-004
   9.0416481172272464E-003   2.6881147440917546E-008   7.5569577571280797E-008  0.78181901139312060        2.9785951483063400E-011   2.3642995676926974E-004   7.5151859346078709E-004
   9.0415273785644495E-003   3.0302054437313204E-008   8.5185008404726101E-008  0.78183357826535571        3.3537617127876729E-011   2.5101689665451801E-004   7.5153866475830000E-004
   9.0413991943916749E-003   3.4158445480584452E-008   9.6024178473935260E-008  0.78184904388214960        3.7857716961298138E-011   2.6650381929866669E-004   7.5155997490128357E-004
   9.0412631058027580E-003   3.8505783719506361E-008   1.0824288147756983E-007  0.78186546369627730        4.2632564145606011E-011   2.8294625348962747E-004   7.5158259983254538E-004
   9.0411186256360992E-003   4.3406601367831596E-008   1.2201675574031157E-007  0.78188289658224230        4.7975845518521965E-011   3.0040315547697654E-004   7.5160662117923493E-004
   9.0409652367386996E-003   4.8931400995351201E-008   1.3754381198257151E-007  0.78190140504744898        5.4114934755489230E-011   3.1893711818083099E-004   7.5163212488860154E-004
   9.0408023901239701E-003   5.5159673260491765E-008   1.5504728720401970E-007  0.78192105545641366        6.1049831856507808E-011   3.3861459780889532E-004   7.5165920236486272E-004
   9.0406295030169594E-003   6.2181043819577502E-008   1.7477886023372127E-007  0.78194191826881843        6.8780536821577698E-011   3.5950615119086858E-004   7.5168795115132525E-004
   9.0404459567801371E-003   7.0096567304489233E-008   1.9702227894541162E-007  0.78196406829226273        7.7534423326142132E-011   3.8168668915801733E-004   7.5171847436195094E-004
   9.0402510947125338E-003   7.9020186383652789E-008   2.2209744942256369E-007  0.78198758495061982        8.7425178207922727E-011   4.0523574435713262E-004   7.5175088113610400E-004
   9.0400442197145596E-003   8.9080378627913487E-008   2.5036505051663433E-007  0.78201255256896640        9.8452801466919482E-011   4.3023775851690861E-004   7.5178528800279310E-004
   9.0398245918104549E-003   1.0042201279166215E-007   2.8223173403439695E-007  0.78203906067610263        1.1107204045401886E-010   4.5678238371494624E-004   7.5182181865329767E-004
   9.0395914255197579E-003   1.1320844359484126E-007   3.1815599169806055E-007  0.78206720432575871        1.2516920833149925E-010   4.8496480439805538E-004   7.5186060382748110E-004
   9.0393438870687223E-003   1.2762387513833139E-007   3.5865477284166186E-007  0.78209708443763570        1.4108536561252549E-010   5.1488607972212700E-004   7.5190178313278011E-004
   9.0390810914321041E-003   1.4387602624309340E-007   4.0431094553844279E-007  0.78212880815950980        1.5904788597254083E-010   5.4665350491051891E-004   7.5194550436208374E-004
   9.0388020991951125E-003   1.6219913836068429E-007   4.5578171435357913E-007  0.78216248925170351        1.7928414308698848E-010   5.8038099671090741E-004   7.5199192417585436E-004
   9.0385059132248226E-003   1.8285736958222289E-007   5.1380811579936210E-007  0.78219824849530462        2.0202151063131168E-010   6.1618950288855790E-004   7.5204120958005660E-004
   9.0381914751396317E-003   2.0614862332033313E-007   5.7922572650589460E-007  0.78223621412560307        2.2782842279411852E-010   6.5420743526029945E-004   7.5209353735772311E-004
   9.0378576615647681E-003   2.3240886968709592E-007   6.5297674536612053E-007  0.78227652229230549        2.5670487957540900E-010   6.9457113122521272E-004   7.5214909566057031E-004
   9.0375032801611188E-003   2.6201702138811887E-007   7.3612362122933847E-007  0.78231931754818385        2.8944668883923441E-010   7.3742534249091583E-004   7.5220808366793790E-004
   9.0371270654139597E-003   2.9540043750855780E-007   8.2986442974773275E-007  0.78236475336791711        3.2616753742331639E-010   7.8292375539386176E-004   7.5227071363315190E-004
   9.0367276741673760E-003   3.3304113439725846E-007   9.3555021885486888E-007  0.78241299269899744        3.6766323319170624E-010   8.3122954182225249E-004   7.5233721054246416E-004
   9.0363036808894012E-003   3.7548279710284177E-007   1.0547045817556921E-006  0.78246420854667986        4.1450221033301204E-010   8.8251594538774970E-004   7.5240781313823391E-004
   9.0358535726520178E-003   4.2333869370273152E-007   1.1890457405387094E-006  0.78251858459509005        4.6725290303584188E-010   9.3696690309357390E-004   7.5248277516948292E-004
   9.0353757438093631E-003   4.7730061101414499E-007   1.3405114679943459E-006  0.78257631586672527        5.2671111916424707E-010   9.9477770633974653E-004   7.5256236630139028E-004
   9.0348684903564548E-003   5.3814894230378949E-007   1.5112872082264710E-006  0.78263760942272553        5.9367266658227891E-010   1.0561557013891076E-003   7.5264687222897919E-004
   9.0343300039498909E-003   6.0676407930680686E-007   1.7038378162962966E-006  0.78270268510644636        6.6916072682943195E-010   1.1213210344977321E-003   7.5273659717822738E-004
   9.0337583655709357E-003   6.8413927643059111E-007   1.9209433793376744E-006  0.78277177633300965        7.5431216828292236E-010   1.1905074423289135E-003   7.5283186356500664E-004
   9.0331515388103068E-003   7.7139518008351059E-007   2.1657396501247734E-006  0.78284513092768881        8.5026385931996629E-010   1.2639630914913211E-003   7.5293301404144586E-004
   9.0325073627529791E-003   8.6979624058472816E-007   2.4417636907367982E-006  0.78292301201615133        9.5838004199322313E-010   1.3419514701745639E-003   7.5304041240542574E-004
   9.0318235444401020E-003   9.8076925228072943E-007   2.7530054004187136E-006  0.78300569896977945        1.0802523320307955E-009   1.4247523346075327E-003   7.5315444507850771E-004
   9.0310976508839579E-003   1.1059243016289000E-006   3.1039656944233730E-006  0.78309348840948279        1.2176997188362293E-009   1.5126627144897108E-003   7.5327552269754960E-004
   9.0303271006107050E-003   1.2470784378369646E-006   3.4997221946154317E-006  0.78318669527163520        1.3726548786507919E-009   1.6059979799967886E-003   7.5340408091051358E-004
   9.0295091547042960E-003   1.4062824254411931E-006   3.9460034138101095E-006  0.78328565393999139        1.5471641745534725E-009   1.7050929752540371E-003   7.5354058242282917E-004
   9.0286409073237275E-003   1.5858509859527648E-006   4.4492725443968979E-006  0.78339071944768446        1.7440697774873115E-009   1.8103032229230007E-003   7.5368551927113003E-004
   9.0277192756643525E-003   1.7883969837127978E-006   5.0168220900186443E-006  0.78350226875365403        1.9658727978821844E-009   1.9220062010776823E-003   7.5383941327800130E-004
   9.0267409893326281E-003   2.0168700847498859E-006   5.6568807779029634E-006  0.78362070209813617        2.2159838408697397E-009   2.0406027011663102E-003   7.5400281900783739E-004
   9.0257025791022124E-003   2.2746004778901178E-006   6.3787343496866121E-006  0.78374644444212949        2.4979271984193474E-009   2.1665182696594975E-003   7.5417632535845769E-004
   9.0246003650178794E-003   2.5653483307682076E-006   7.1928620512468947E-006  0.78387994699606189        2.8156819098512642E-009   2.3002047386493684E-003   7.5436055817590386E-004
   9.0234304438122238E-003   2.8933597459535047E-006   8.1110908881740459E-006  0.78402168884321377        3.1739091355120763E-009   2.4421418515313846E-003   7.5455618218711606E-004
   9.0221886755985862E-003   3.2634300845121541E-006   9.1467699836162278E-006  0.78417217866379285        3.5776110962615348E-009   2.5928389892189430E-003   7.5476390304629604E-004
   9.0208706698021394E-003   3.6809756446855755E-006   1.0314967693212513E-005  0.78433195656594246        4.0328131944988854E-009   2.7528370035176872E-003   7.5498447040445171E-004
   9.0194717702895104E-003   4.1521148223478275E-006   1.1632694498034283E-005  0.78450159603033931        4.5458818931365386E-009   2.9227101657730691E-003   7.5521868132000236E-004
   9.0179870396558080E-003   4.6837600172666765E-006   1.3119155053414272E-005  0.78468170597547882        5.1242068366263993E-009   3.1030682328951390E-003   7.5546738162302063E-004
   9.0164112426263932E-003   5.2837217580708470E-006   1.4796033322986252E-005  0.78487293295117289        5.7762008509598672E-009   3.2945586455023217E-003   7.5573147046270606E-004
   9.0147388285292552E-003   5.9608266860779857E-006   1.6687815155381588E-005  0.78507596346827679        6.5110725699923933E-009   3.4978688601016621E-003   7.5601190292218234E-004
   9.0129639127924203E-003   6.7250512953221260E-006   1.8822153332570721E-005  0.78529152647316003        7.3395085564698093E-009   3.7137288273826549E-003   7.5630969365647616E-004
   9.0110802574194619E-003   7.5876735760192582E-006   2.1230280760004816E-005  0.78552039597597345        8.2733322415151633E-009   3.9429136238691353E-003   7.5662592121261696E-004
   9.0090812503948944E-003   8.5614450186080726E-006   2.3947478265911751E-005  0.78576339384234906        9.3259586719796062E-009   4.1862462470229718E-003   7.5696173064443428E-004
   9.0069598839700640E-003   9.6607857911169885E-006   2.7013604387366062E-005  0.78602139275876814        1.0512621884117834E-008   4.4446005859990973E-003   7.5731833976533380E-004
   9.0047087317791513E-003   1.0902006274976561E-005   3.0473695460956542E-005  0.78629531938249475        1.1850261216750368E-008   4.7189045740556523E-003   7.5769704176309460E-004
   9.0023199247340271E-003   1.2303558653469407E-005   3.4378645636628438E-005  0.78658615768765905        1.3358089745452162E-008   5.0101435415081733E-003   7.5809921190739260E-004
   8.9997851256461391E-003   1.3886322706931812E-005   3.8785977571903840E-005  0.78689495251981689        1.5057935343065765E-008   5.3193637725662051E-003   7.5852631061934517E-004
   8.9970955025231430E-003   1.5673930662823496E-005   4.3760716324995022E-005  0.78722281337209965        1.6974013306025881E-008   5.6476762894000446E-003   7.5897989131590293E-004
   8.9942417004880478E-003   1.7693136555074263E-005   4.9376380445530998E-005  0.78757091839691074        1.9133949535898864E-008   5.9962608671457977E-003   7.5946160416151542E-004
   8.9912138122688907E-003   1.9974236445979514E-005   5.5716106512981818E-005  0.78794051866800896        2.1568894226220436E-008   6.3663703030703931E-003   7.5997320391252288E-004
   8.9880013472076713E-003   2.2551546731842360E-005   6.2873925484842170E-005  0.78833294270879251        2.4313749236171134E-008   6.7593349506027689E-003   7.6051655560149811E-004
   8.9845931987385975E-003   2.5463948873967490E-005   7.0956211966835715E-005  0.78874960130359606        2.7408077585278079E-008   7.1765675376711064E-003   7.6109364204057783E-004
   8.9809776102874293E-003   2.8755510122379585E-005   8.0083330482792634E-005  0.78919199260990747        3.0896217140252702E-008   7.6195682855009278E-003   7.6170657177954126E-004
   8.9771421395462188E-003   3.2476191271769621E-005   9.0391506378252422E-005  0.78966170759057353        3.4828417483367957E-008   8.0899303487972415E-003   7.6235758660914144E-004
   8.9730736210809851E-003   3.6682654144209143E-005   1.0203495294121555E-004  0.79016043578628536        3.9261294659809209E-008   8.5893455955679317E-003   7.6304907054236537E-004
   8.9687581272339927E-003   4.1439183476818402E-005   1.1518829104805295E-004  0.79068997144996966        4.4258513298700564E-008   9.1196107504188176E-003   7.6378355890938110E-004
   8.9641809272874330E-003   4.6818740137829278E-005   1.3004930292385275E-004  0.79125222006609863        4.9892037168319803E-008   9.6826339228559197E-003   7.6456374870303989E-004
   8.9593264448614637E-003   5.2904165249498181E-005   1.4684206782108661E-004  0.79184920527945890        5.6242811297124717E-008   1.0280441545163107E-002   7.6539250858331798E-004
   8.9541782135272689E-003   5.9789557899280186E-005   1.6582053462780045E-004  0.79248307625949843        6.3402467276318930E-008   1.0915185747641248E-002   7.6627289058706083E-004
   8.9487188306245913E-003   6.7581852684117516E-005   1.8727259459770670E-004  0.79315611552809784        7.1473778007202782E-008   1.1589152196575173E-002   7.6720814229247480E-004
   8.9429299092838935E-003   7.6402627582029589E-005   2.1152472710799834E-004  0.79387074728044238        8.0573158811603207E-008   1.2304768426113657E-002   7.6820171886993194E-004
   8.9367920286656678E-003   8.6390177591158648E-005   2.3894730254087515E-004  0.79462954623061643        9.0831576926575508E-008   1.3064612697473079E-002   7.6925729842969304E-004
   8.9302846824439296E-003   9.7701895286651406E-005   2.6996063914511582E-004  0.79543524701563462        1.0239671155432006E-007   1.3871423414719074E-002   7.7037879577801505E-004
   8.9233862255774926E-003   1.1051700634675366E-004   3.0504192611385047E-004  0.79629075419385942        1.1543500022526132E-007   1.4728109137525418E-002   7.7157037867436884E-004
   8.9160738194319807E-003   1.2503971600576455E-004   3.4473314245658137E-004  0.79719915287613274        1.3013459465582855E-007   1.5637759226284294E-002   7.7283648465709121E-004
   8.9083233753374045E-003   1.4150283188541247E-004   3.8965012196649513E-004  0.79816372003049552        1.4670706605102168E-007   1.6603655163173508E-002   7.7418183968802623E-004
   8.9001094966912001E-003   1.6017193970164912E-004   4.4049293836404831E-004  0.79918793650410336        1.6539138414373156E-007   1.7629282590547010E-002   7.7561147782034823E-004
   8.8914054197449938E-003   1.8135022150793598E-004   4.9805781281489871E-004  0.80027549980884471        1.8645687305252068E-007   1.8718344113394562E-002   7.7713076143481885E-004
   8.8821829532453826E-003   2.0538402173593840E-004   5.6325077900127912E-004  0.80143033772029060        2.1020730400778120E-007   1.9874772918118414E-002   7.7874540511402301E-004
   8.8724124171350553E-003   2.3266928461466689E-004   6.3710337913317405E-004  0.80265662274292449        2.3698532913840609E-007   2.1102747256702411E-002   7.8046149906185747E-004
   8.8620625805609348E-003   2.6365900858587194E-004   7.2079070991864916E-004  0.80395878749815564        2.6717725631897338E-007   2.2406705856423292E-002   7.8228553547887714E-004
   8.8511005994809534E-003   2.9887188929144943E-004   8.1565219049022954E-004  0.80534154109543110        3.0121884719847003E-007   2.3791364313564645E-002   7.8422443687031773E-004
   8.8394919542111889E-003   3.3890235379857212E-004   9.2321548711100541E-004  0.80680988655080121        3.3960156997636659E-007   2.5261732535708209E-002   7.8628558640048141E-004
   8.8272003873102640E-003   3.8443222583024213E-004   1.0452241035665835E-003  0.80836913932165599        3.8287976167339366E-007   2.6823133302235888E-002   7.8847686029348552E-004
   8.8141878422590310E-003   4.3624430607528981E-004   1.1836692334978565E-003  0.81002494703096495        4.3167869989702012E-007   2.8481222015377478E-002   7.9080666307618230E-004
   8.8004144034603323E-003   4.9523820487012927E-004   1.3408265746554535E-003  0.81178331045931429        4.8670358410163317E-007   3.0242007721731790E-002   7.9328396600431006E-004
   8.7858382381568369E-003   5.6244882824244740E-004   1.5192989274995176E-003  0.81365060588831695        5.4875010846444638E-007   3.2111875485706827E-002   7.9591834753500734E-004
   8.7704155409442913E-003   6.3906799520057212E-004   1.7220655466911945E-003  0.81563360888460201        6.1871571688243421E-007   3.4097610207006968E-002   7.9872003811942704E-004
   8.7541004816436424E-003   7.2646975646305202E-004   1.9525393868600369E-003  0.81773951961961278        6.9761290433234535E-007   3.6206421974875433E-002   8.0169996806489507E-004
   8.7368451573878320E-003   8.2624009658734913E-004   2.2146335907296411E-003  0.81997598982684672        7.8658376878593117E-007   3.8445973061977175E-002   8.0486981880767416E-004
   8.7185995498782042E-003   9.4021183657880790E-004   2.5128388140652209E-003  0.82235115150499627        8.8691706423560390E-007   4.0824406668252738E-002   8.0824208021113009E-004
   8.6993114888704870E-003   1.0705057175551726E-003   2.8523132755855097E-003  0.82487364748271796        1.0000667316489853E-006   4.3350377526937087E-002   8.1183011093344248E-004
   8.6789266230614011E-003   1.2195788451391523E-003   3.2389877729100251E-003  0.82755266396848659        1.1276734994680737E-006   4.6033084499120892E-002   8.1564820402491023E-004
   8.6573883996631327E-003   1.3902819161775216E-003   3.6796883277889370E-003  0.83039796521718767        1.2715884167846525E-006   4.8882305288919757E-002   8.1971166002858808E-004
   8.6346380540733587E-003   1.5859269443104936E-003   4.1822796306988973E-003  0.83341993045383045        1.4339005929286941E-006   5.1908433416809667E-002   8.2403686349152849E-004
   8.6106146111722646E-003   1.8103675619549171E-003   4.7558330662769268E-003  0.83662959320397456        1.6169673244803562E-006   5.5122517605194987E-002   8.2864136857097037E-004
   8.5852548999033017E-003   2.0680944174990804E-003   5.4108238356423517E-003  0.84003868319024677        1.8234495655633509E-006   5.8536303732027867E-002   8.3354399134805135E-004
   8.5584935829195567E-003   2.3643487288798125E-003   6.1593625807909993E-003  0.84365967096464478        2.0563500129355816E-006   6.2162279524903483E-002   8.3876491021328548E-004
   8.5302632032001544E-003   2.7052577211196314E-003   7.0154679899795576E-003  0.84750581545721537        2.3190578986032051E-006   6.6013722174857709E-002   8.4432577546067478E-004
   8.5004942496584666E-003   3.0979964973101991E-003   7.9953881653016881E-003  0.85159121463316090        2.6153993530897424E-006   7.0104749063682817E-002   8.5024982990944409E-004
   8.4691152438723036E-003   3.5509819072883312E-003   9.1179801130404116E-003  0.85593085946249003        2.9496933393602376E-006   7.4450371806827814E-002   8.5656203771122819E-004
   8.4360528501624520E-003   4.0741052355761087E-003   1.0405158640331947E-002  0.86054069141896317        3.3268156585108954E-006   7.9066553833140651E-002   8.6328922986922407E-004
   8.4012320113246858E-003   4.6790120886548306E-003   1.1882428280221040E-002  0.86543766373831066        3.7522713682847098E-006   8.3970271725336651E-002   8.7046025839754293E-004
   8.3645761123773543E-003   5.3794398025880990E-003   1.3579514727678866E-002  0.87063980667949992        4.2322758417867590E-006   8.9179580573070266E-002   8.7810616935257713E-004
   8.3260071747151970E-003   6.1916251083943509E-003   1.5531115759067935E-002  0.87616629704720717        4.7738477633174625E-006   9.4713683589520453E-002   8.8626038996153511E-004
   8.2854460830547594E-003   7.1347978151294475E-003   1.7777795890730877E-002  0.88203753224854731        5.3849128107685829E-006  0.10059300627044497        8.9495893462299136E-004
   8.2428128475098509E-003   8.2317800539891302E-003   2.0367054283648035E-002  0.88827520917256886        6.0744220036212937E-006  0.10683927538296467        9.0424063239424868E-004
   8.1980269030401502E-003   9.5097153771440592E-003   2.3354601859917785E-002  0.89490240819691691        6.8524849439199897E-006  0.11347560308671878        9.1414737471495755E-004
   8.1510074483638773E-003   1.1000957984321685E-002   2.6805891556441946E-002  0.90194368264248881        7.7305203376454301E-006  0.12052657651167513        9.2472438950608193E-004
   8.1016738262089504E-003   1.2744159891798239E-002   3.0797955462951210E-002  0.90942515401366830        8.7214270934055094E-006  0.12801835313034673        9.3602054369057441E-004
   8.0499459464876948E-003   1.4785603395308117E-002   3.5421614737386656E-002  0.91737461337891457        9.8397767942515202E-006  0.13597876227624497        9.4808867402207397E-004
   7.9957447536103399E-003   1.7180838270797912E-002   4.0784143247068354E-002  0.92582162926397948        1.1102032090093417E-005  0.14443741318672476        9.6098595474813919E-004
   7.9389927386949704E-003   1.9996698520386991E-002   4.7012484565336188E-002  0.93479766244782103        1.2526793398137670E-005  0.15342580995634295        9.7477430188064318E-004
   7.8796144968799556E-003   2.3313793046962752E-002   5.4257145196975443E-002  0.94433618806934139        1.4135078686194902E-005  0.16297747381026170        9.8952081953029847E-004
   7.8175373292945719E-003   2.7229589643106494E-002   6.2696915872839307E-002  0.95447282547134760        1.5950637703099346E-005  0.17312807312928832        1.0052982955812695E-003
   7.7526918884911226E-003   3.1862243686733335E-002   7.2544608910890707E-002  0.96524547622667523        1.8000311229116051E-005  0.18391556166242376        1.0221857469332463E-003
   7.6850128652877995E-003   3.7355364031075852E-002   8.4054044898884850E-002  0.97669447081015293        2.0314433299972734E-005  0.19538032540322278        1.0402690263617842E-003
   7.6144397140175150E-003   4.3883961445470111E-002   9.7528578651022713E-002  0.98886272439918599        2.2927289592189481E-005  0.20756533860269080        1.0596414930432729E-003
   7.5409174121316338E-003   5.1661893183353631E-002  0.11333152562349376        1.0017959023051239        2.5877633447635162E-005  0.22051632942793720        1.0804047561805419E-003
   7.4643972489781127E-003   6.0951205479505784E-002  0.13189893958479140        1.0155425955576147        2.9209271588115371E-005  0.23428195578782154        1.1026695017335442E-003
   7.3848376373781867E-003   7.2073890180544442E-002  0.15375530531416559        1.0301545071847711        3.2971724408525915E-005  0.24891399186982377        1.1265564094173897E-003
   7.3022049403836742E-003   8.5426720426371866E-002  0.17953285279382580        1.0456866497536921        3.7220974832052889E-005  0.26446752595003070        1.1521971712227241E-003
   7.2164743043355694E-003  0.10150002411737966       0.20999537994697656        1.0621975547588232        4.2020313912871643E-005  0.28100117006980763        1.1797356248735014E-003
   7.1276304880947775E-003  0.12090150712079868       0.24606769990784963        1.0797494944704189        4.7441296942452027E-005  0.29857728218816049        1.2093290146140134E-003
   7.0356686771154793E-003  0.14438656985215589       0.28887211962430870        1.0984087168823571        5.3564825748253497E-005  0.31726220145188844        1.2411493952413366E-003
   6.9405952699224246E-003  0.17289699640091649       0.33977372666367406        1.1182456944284032        6.0482370258796436E-005  0.33712649725316762        1.2753851949582895E-003
   6.8424286235815304E-003  0.20761046870550978       0.40043673289884490        1.1393353871694969        6.8297351504043036E-005  0.35824523277655679        1.3122429585337159E-003
   6.7411997439675037E-003  0.25000411490231672       0.47289472636646396        1.1617575211924303        7.7126702876739728E-005  0.38069824377989347        1.3519492903242281E-003
   6.6369529060831952E-003  0.30193630191353926       0.55963845362996045        1.1855968830032895        8.7102635689007002E-005  0.40457043339074172        1.3947530230780103E-003
   6.5297461894218882E-003  0.36575220975628053       0.66372574331899492        1.2109436307482224        9.8374633580533555E-005  0.42995208375281546        1.4409276381002201E-003
   6.4196519134325442E-003  0.44442048969306952       0.78891945058902702        1.2378936231502924        1.1111170545063942E-004  0.45693918541303236        1.4907739681575549E-003
   6.3067569585891856E-003  0.54171065984563715       0.93986093461584541        1.2665487671155216        1.2550493079288572E-004  0.48563378540300112        1.5446232182512176E-003
   6.1911629594117983E-003  0.66242403287627705        1.1222886845011637        1.2970173850344384        1.4177033381201909E-004  0.51614435504246625        1.6028403417749360E-003
   6.0729863570582266E-003  0.81269517570343996        1.3433144235040717        1.3294146028885039        1.6015212884212815E-004  0.54858617857623837        1.6658278165095908E-003
   5.9523583008118412E-003   1.0003865446634166        1.6117725307522193        1.3638627603643516        1.8092638458711008E-004  0.58308176384798238        1.7340298682029243E-003
   5.8294243899199493E-003   1.2356065301337864        1.9386631635726719        1.4004918442835352        2.0440516027520061E-004  0.61976127632183342        1.8079371984640602E-003
   5.7043442497674368E-003   1.5313913771092973        2.3377153567248787        1.4394399467715489        2.3094117352684407E-004  0.65876299787519088        1.8880922771131736E-003
   5.5772909392544714E-003   1.9046052725980336        2.8261040297245339        1.4808537497176788        2.6093306837537966E-004  0.70023381192005851        1.9750952707227043E-003
   5.4484501894239284E-003   2.3771316082473488        3.4253647918224006        1.5248890372164743        2.9483135858754395E-004  0.74432971654149549        2.0696106836339823E-003
   5.3180194767741803E-003   2.9774538233640078        4.1625634087982331        1.5717112378319702        3.3314513336790696E-004  0.79121636749935709        2.1723748006934329E-003
   5.1862069382014727E-003   3.7427587646505294        5.0717937246417772        1.6214959986864605        3.7644962083049904E-004  0.84106965309840420        2.2842040327759605E-003
   5.0532301380365619E-003   4.7217425457852427        6.1960999512234256        1.6744297935459613        4.2539471894542658E-004  0.89407630309922592        2.4060042721885111E-003
   4.9193147010588422E-003   5.9783631168029023        7.5899481824749078        1.7307105672532543        4.8071461731069576E-004  0.95043453402518485        2.5387813891484257E-003
   4.7846928285714676E-003   7.5968716045750586        9.3224099127154592        1.7905484190452925        5.4323864583238901E-004   1.0103547334074399        2.6836530079208387E-003
   4.6496017174882187E-003   9.6885748800194378        11.481270093524145        1.8541663274837794        6.1390350970214058E-004   1.0740601856967478        2.8418617226861898E-003
   4.5142819048123303E-003   12.400947106196945        14.178337626187604        1.9218009199242654        6.9376708336221782E-004   1.1417878427734092        3.0147899324219907E-003
   4.3789755617862887E-003   15.929935381984421        17.556322161647977        1.9937032896495110        7.8402396252386097E-004   1.2137891421852784        3.2039764982982888E-003
   4.2439247632873817E-003   20.536617869191311        21.797754306540124        2.0701398639958164        8.8602299911144655E-004   1.2903308764456329        3.4111354489141377E-003
   4.1093697586852924E-003   26.569805177290945        27.136575629573581        2.1513933270061476        1.0012870685613962E-003   1.3716961169303536        3.6381769926947527E-003
   3.9755472703400224E-003   34.496773556554182        33.873221947506075        2.2377636003510748        1.1315353551708540E-003   1.4581851961190488        3.8872311231443746E-003
   3.8426888452024028E-003   44.945146207483425        42.394283838904229        2.3295688864679809        1.2787084748424604E-003   1.5501167521371151        4.1606741439181860E-003
   3.7110192836140700E-003   58.760087013746876        53.198172954900819        2.4271467780812022        1.4449967965219912E-003   1.6478288397656944        4.4611584809217675E-003
   3.5807551674415391E-003   77.082565539010460        66.928679153780081        2.5308554384824231        1.6328723689866820E-003   1.7516801123029546        4.7916461894601525E-003
   3.4521035071965905E-003   101.45667010630322        84.418908718053999        2.6410748571727272        1.8451249122790614E-003   1.8620510788872848        5.1554466267589305E-003
   3.3252605248848301E-003   133.97703529794956        106.74889724517976        2.7582081856982743        2.0849023906066577E-003   1.9793454421174135        5.5562588097473053E-003
   3.2004105860948050E-003   177.49175958465412        135.32125817039389        2.8826831587515933        2.3557567507168642E-003   2.1039915210477451        5.9982190468872432E-003
   3.0777252914038077E-003   235.88220752401622        171.96064749163281        3.0149536058643114        2.6616954824021377E-003   2.2364437648930733        6.4859545110493855E-003
   2.9573627336521419E-003   314.44950770561240        219.04471524109678        3.1555010592859900        3.0072397433968945E-003   2.3771843630417271        7.0246434991076967E-003
   2.8394669241369715E-003   420.44934209735544        279.67673290584867        3.3048364639319412        3.3974898842643597E-003   2.5267249572704178        7.6200832227186766E-003
   2.7241673874063713E-003   563.83314148356612        357.91344573378376        3.4635019955921580        3.8381993150551352E-003   2.6856084623542178        8.2787660770691218E-003
   2.6115789211861294E-003   758.27698353359290        459.06618489758063        3.6320729939274092        4.3358577762546702E-003   2.8544110016118589        9.0079654606824988E-003
   2.5018015151240624E-003   1022.6120573041491        590.09927021175861        3.8111600171397648        4.8977852111420361E-003   3.0337439642776913        9.8158323490906696E-003
   2.3949204195498398E-003   1382.8163580869550        760.15775538878165        4.0014110255953943        5.5322375898185783E-003   3.2242561919863859        1.0711503980701309E-002
   2.2910063533643351E-003   1874.7917507115760        981.26730955601670        4.2035137021000688        6.2485262047857759E-003   3.4266363020806985        1.1705226185426909E-002
   2.1901158385151612E-003   2548.2413889186732        1269.2634279645169        4.4181979169846244        7.0571521553119965E-003   3.6416151559079681        1.2808491078658335E-002
   2.0922916472909210E-003   3472.0906110995911        1645.0264865208960        4.6462383466505752        7.9699579507632734E-003   3.8699684807633887        1.4034192063604678E-002
   1.9975633478669691E-003   4742.0753091888264        2136.1251088833160        4.8884572547564691        9.0002984139800901E-003   4.1125196546735978        1.5396798331153150E-002
   1.9059479331371989E-003   6491.3773163140850        2779.0052155999447        5.1457274457960533        1.0163233339312683E-002   4.3701426637767060        1.6912551319933300E-002
   1.8174505178369237E-003   8905.5477026779427        3621.9091085874647        5.4189754014301714        1.1475744673361987E-002   4.6437652426774205        1.8599685920548836E-002
   1.7320650892590770E-003   12243.470207524335        4728.7722680310999        5.7091846105892579        1.2956981339243612E-002   4.9343722087986404        2.0478679548659784E-002
   1.6497752974442665E-003   16866.841177165457        6184.4309892027131        6.0173991050608189        1.4628535219912919E-002   5.2430090024599849        2.2572532619051344E-002
   1.5705552715336295E-003   23281.668631231867        8101.5894428010643        6.3447272130219021        1.6514752264129129E-002   5.5707854451520396        2.4907084394271806E-002
   1.4943704499632143E-003   32196.748495737895        10630.150951376911        6.6923455437685702        1.8643083183405906E-002   5.9188797292729367        2.7511368687783033E-002
   1.4211784132999632E-003   44606.141478136189        13969.729923039691        7.0615032177380899        2.1044478773205810E-002   6.2885426534330158        3.0418014468068577E-002
   1.3509297097274904E-003   61905.607093705541        18386.448083365023        7.4535263568141268        2.3753835533966594E-002   6.6811021183316956        3.3663697051451891E-002
   1.2835686644423962E-003   86057.119018439276        24235.508995973505        7.8698228508562504        2.6810497987753479E-002   7.0979678991618140        3.7289646293288570E-002
   1.2190341654828970E-003   119821.51150691386        31991.576322337729        8.3118874174021613        3.0258824897828163E-002   7.5406367115019206        4.1342218997442615E-002
   1.1572604197491927E-003   167087.73643816562        42289.706182879556        8.7813069725614383        3.4148827513149627E-002   8.0106975887297995        4.5873543681523188E-002
   1.0981776741645301E-003   233339.20972453651        55980.574700057368        9.2797663322510324        3.8536888997100505E-002   8.5098375901213519        5.0942246867407448E-002
   1.0417128980461856E-003   326314.81496028043        74205.098628445470        9.8090542641253737        4.3486575350243584E-002   9.0398478600010694        5.6614271225839730E-002
   9.8779042379257254E-004   456946.48327777383        98495.409343213760        10.371069911825893        4.9069549459886730E-002   9.6026300595805836        6.2963797214479200E-002
   9.3633254393544693E-004   640689.98515654413        130911.70280065888        10.967829614525369        5.5366601373179947E-002   10.200203194481404        7.0074281329198129E-002
   8.8726006344932334E-004   899415.08955036011        174228.02238983527        11.601474146172343        6.2468809559163674E-002   10.834710862349928        7.8039625736664675E-002
   8.4049280695101466E-004   1264091.9143797709        232184.91959533846        12.274276400357488        7.0478849790788445E-002   11.508428946508692        8.6965495941967674E-002
   7.9595008106142777E-004   1778611.1907122706        309833.71667992376        12.988649548332852        7.9512470393979129E-002   12.223773783182141        9.6970805243131508E-002
   7.5355109274267951E-004   2505220.2893540179        414006.52592631947        13.747155699420111        8.9700154974821089E-002   12.983310831544022       0.10818938709871873     
   7.1321532487109943E-004   3532262.8280693949        553959.33895258978        14.552515094852810       0.10118899641918233        13.789763877644182       0.12077187921056520     
   6.7486287066717055E-004   4985204.1597301010        742253.92124861572        15.407615868016931       0.11414480896019086        14.646024805185975       0.13488784612923155     
   6.3841472888426730E-004   7042346.2618475202        995970.12321841461        16.315524406091114       0.12875450850435755        15.555163968160258       0.15072817057352950     
   6.0379306186716963E-004   9957238.3182915617        1338376.6930646719        17.279496350247257       0.14522879521621235        16.520441202505488       0.16850774747445030     
   5.7092141873660643E-004   14090652.234412452        1801240.2736670491        18.302988273866458       0.16380517665504613        17.545317516247589       0.18846851903606421     
   5.3972492604584645E-004   19956228.303592727        2428025.5225588158        19.389670080656867       0.18475137458722202        18.633467500002254       0.21088289393253490     
   5.1013044829705835E-004   28285667.270241935        3278343.6905089235        20.543438167146419       0.20836916402561201        19.788792502314852       0.23605759919405500     
   4.8206672070667117E-004   40121883.847381309        4434156.3241165094        21.768429396760823       0.23499869916145144        21.015434617027072       0.26433801942766877     
   4.5546445657661976E-004   56952177.807999425        6008455.1634904314        23.069035935611726       0.26502338771410905        22.317791532789993       0.29611308489234034     
   4.3025643156896092E-004   80898702.950292274        8157448.2981336461        24.449921003206285       0.29887538294940441        23.700532297905468       0.33182077764854512     
   4.0637754710018761E-004   114991013.23912275        11097729.598409105        25.916035594572708       0.33704177127890489        25.168614056963861       0.37195433367003261     
   3.8376487497401835E-004   163556234.69441459        15130557.309071381        27.472636233775852       0.38007154309354974        26.727299819215499       0.41706922853325068     
   3.6235768526166875E-004   232777884.41229609        20676313.043937419        29.125303822496456       0.42858344540957205        28.382177322296325       0.46779104520942383     
   3.4209745932067695E-004   331496599.20893455        28323594.489555631        30.879963651269559       0.48327482715910719        30.139179058849894       0.52482433473937817     
   3.2292788972028191E-004   472358021.73094219        38899422.407195434        32.742906645150519       0.54493160170113697        32.004603537736671       0.58896259428729536     
   3.0479486871619869E-004   673459113.10375476        53570025.778829634        34.720811919994659       0.61443946651718306        33.985137855932010       0.66109950245447635     
   2.8764646679230681E-004   960710410.64855170        73986072.446006954        36.820770730240859       0.69279653728449375        36.087881661894336       0.74224156893797044     
   2.7143290266343765E-004   1371227166.8852787        102492731.47086279        39.050311894071257       0.78112757278609024        38.320372596155877       0.83352237487065395     
   2.5610650601330930E-004   1958199806.3199384        142434630.61625394        41.417428787119931       0.88069998863431920        40.690613300157011       0.93621860167138493     
   2.4162167412604196E-004   2797892386.2296162        198600175.46690118        43.930608001522600       0.99294188180192577        43.207100089946088        1.0517680702253074     
   2.2793482345931254E-004   3999703745.2363181        277871186.44314134        46.598859773066970        1.1194623147024458        45.878853397302898        1.1817900389384022     
   2.1500433710265778E-004   5720638842.5655842        390175946.89205551        49.431750285548695        1.2620741373323199        48.715450087159034        1.3281080389426734     
   2.0279050896624521E-004   8186134018.3790560        549891918.28371882        52.439435968156843        1.4228196590324842        51.727057766863496        1.4927755577391508     
   1.9125548545359080E-004   11720041546.675680        777916703.99629152        55.632699908865789        1.6039995180598225        54.924471209969632        1.6781049191636157     
   1.8036320528649557E-004   16787824830.873016        1104734656.2956905        59.022990514388823        1.8082051376511572        58.319151024733870        1.8866997479962038     
   1.7007933807169123E-004   24058818494.905617        1574970513.9710310        62.622462555308807        2.0383552019073932        61.923264705541833        2.1214914521403898     
   1.6037122212632211E-004   34496018096.249809        2254169010.7828846        66.444020743545209        2.2977366338947149        65.749730213955402        2.3857802043047514     
   1.5120780201314239E-004   49485646517.084030        3238913641.6445332        70.501365998400445        2.5900506120849514        69.812262245103838        2.6832809587883730     
   1.4255956617600045E-004   71024228124.773788        4671964335.7840309        74.809044567059374        2.9194642198312977        74.125421344699021        3.0181750974709303     
   1.3439848501143524E-004   101988858790.05894        6764952584.2207766        79.382500175660752        3.2906683861050396        78.704666052130577        3.3951683625748501     
   1.2669794966282334E-004   146527913347.16342        9832475871.7310848        84.238129397908850        3.7089428442136523        83.566408255866477        3.8195558021712941     
   1.1943271177901663E-004   210626220097.96381        14343413285.958824        89.393340439742104        4.1802289085175062        88.728071958846087        4.2972945276213750     
   1.1257882443959182E-004   302923144511.87268        20998295289.904896        94.866615550810295        4.7112109469248935        94.208155663697411        4.8350851598119107     
   1.0611358441324956E-004   435897551362.88666        30846143961.095798        100.67757728652548        5.3094075085394934        100.02629860053425        5.4404629225482495     
